-108.1187820434570312 -194.9260711669921875 911.0286865234375000
-107.7109832763671875 -199.1405792236328125 907.5925292968750000
-101.9764785766601562 -207.4436035156250000 900.6613159179687500
-96.6880493164062500 -211.5318145751953125 897.1677246093750000
-91.7813644409179688 -211.4999847412109375 897.0327148437500000
-77.3584213256835938 -207.2870330810546875 899.9815063476562500
-72.4392700195312500 -207.2557373046875000 899.8457031250000000
-67.5215988159179688 -207.2244720458984375 899.7098999023437500
-52.9754867553710938 -202.9848022460937500 902.6763305664062500
-48.0452957153320312 -202.9540710449218750 902.5396728515625000
-43.1166000366210938 -202.9233551025390625 902.4030761718750000
-38.1893959045410156 -202.8926391601562500 902.2665405273437500
-33.2636833190917969 -202.8619384765625000 902.1300048828125000
-28.3394622802734375 -202.8312530517578125 901.9935302734375000
-23.4167289733886719 -202.8005676269531250 901.8570556640625000
-18.4954853057861328 -202.7698974609375000 901.7206420898437500
-13.5757303237915039 -202.7392272949218750 901.5842895507812500
-8.6574621200561523 -202.7085723876953125 901.4479980468750000
-3.7406818866729736 -202.6779327392578125 901.3117065429687500
1.1746124029159546 -202.6472930908203125 901.1754760742187500
6.0884208679199219 -202.6166687011718750 901.0393066406250000
11.0007448196411133 -202.5860595703125000 900.9031372070312500
15.9115839004516602 -202.5554504394531250 900.7670288085937500
20.8209400177001953 -202.5248565673828125 900.6309814453125000
25.7288112640380859 -202.4942626953125000 900.4949340820312500
30.6352024078369141 -202.4636840820312500 900.3589477539062500
35.5401115417480469 -202.4331054687500000 900.2230224609375000
40.4435386657714844 -202.4025573730468750 900.0870971679687500
45.3454856872558594 -202.3719940185546875 899.9512329101562500
50.2459526062011719 -202.3414611816406250 899.8154296875000000
55.1449432373046875 -202.3109283447265625 899.6796264648437500
60.0424537658691406 -202.2803955078125000 899.5438842773437500
74.4479370117187500 -206.3215484619140625 895.7896728515625000
79.3213729858398438 -206.2905578613281250 895.6550903320312500
84.5078506469726562 -202.1279144287109375 898.8657836914062500
90.0693130493164062 -193.7418823242187500 905.4942016601562500
90.4095230102539062 -189.5167541503906250 908.9144897460937500
90.7523193359375000 -185.2595977783203125 912.3606567382812500
91.0977249145507812 -180.9700317382812500 915.8331298828125000
91.4457626342773438 -176.6476745605468750 919.3320922851562500
91.7964782714843750 -172.2921752929687500 922.8579101562500000
92.1498870849609375 -167.9031372070312500 926.4108886718750000
92.5060348510742188 -163.4801788330078125 929.9912719726562500
92.8649444580078125 -159.0228881835937500 933.5994873046875000
93.2266464233398438 -154.5308837890625000 937.2358398437500000
99.4848632812500000 -140.8200378417968750 948.1658935546875000
95.0782699584960938 -131.5355529785156250 955.8507080078125000
90.9639511108398438 -117.3136444091796875 967.5358886718750000
91.3311767578125000 -112.4893112182617188 971.4418945312500000
97.7976379394531250 -97.7636032104492188 983.1893920898437500
93.5983734130859375 -82.7049942016601562 995.5568847656250000
89.2921142578125000 -67.2627258300781250 1008.2394409179687500
89.6678237915039062 -62.0239830017089844 1012.4817504882812500
90.0467071533203125 -56.7409706115722656 1016.7598876953125000
90.4288101196289062 -51.4131240844726562 1021.0744018554687500
85.9693069458007812 -35.1608848571777344 1034.4197998046875000
86.3404693603515625 -29.6469306945800781 1038.8857421875000000
86.7148513793945312 -24.0851573944091797 1043.3905029296875000
87.0924911499023438 -18.4749412536621094 1047.9344482421875000
87.4734344482421875 -12.8156480789184570 1052.5180664062500000
87.8577270507812500 -7.1066284179687500 1057.1420898437500000
88.2454147338867188 -1.3472251892089844 1061.8068847656250000
88.6365356445312500 4.4632315635681152 1066.5129394531250000
89.0311355590820312 10.3254232406616211 1071.2609863281250000
83.9513931274414062 22.2118301391601562 1081.0810546875000000
84.7125701904296875 34.3118934631347656 1090.8831787109375000
85.0983581542968750 40.4445800781250000 1095.8511962890625000
85.4876785278320312 46.6333847045898438 1100.8646240234375000
85.8805847167968750 52.8790740966796875 1105.9241943359375000
86.2771072387695312 59.1824378967285156 1111.0303955078125000
81.3600234985351562 78.4615097045898438 1126.8489990234375000
81.7428207397460938 85.0050659179687500 1132.1508789062500000
82.1292343139648438 91.6104888916015625 1137.5026855468750000
82.5193176269531250 98.2786560058593750 1142.9055175781250000
82.9131317138671875 105.0104675292968750 1148.3598632812500000
83.3107147216796875 111.8068389892578125 1153.8664550781250000
83.7121353149414062 118.6687088012695312 1159.4261474609375000
84.1174392700195312 125.5970230102539062 1165.0396728515625000
84.5266876220703125 132.5927429199218750 1170.7077636718750000
84.9399337768554688 139.6568756103515625 1176.4313964843750000
85.3572463989257812 146.7904205322265625 1182.2111816406250000
85.7786788940429688 153.9944152832031250 1188.0480957031250000
86.2042922973632812 161.2698822021484375 1193.9428710937500000
86.6341476440429688 168.6179199218750000 1199.8964843750000000
80.5079421997070312 176.0752105712890625 1206.1536865234375000
75.0740737915039062 198.8394470214843750 1224.8197021484375000
75.4581604003906250 206.5706939697265625 1231.0860595703125000
75.8461990356445312 214.3814392089843750 1237.4168701171875000
76.2382507324218750 222.2729492187500000 1243.8131103515625000
76.6343765258789062 230.2464599609375000 1250.2757568359375000
77.0346374511718750 238.3032684326171875 1256.8059082031250000
70.9363632202148438 254.7262878417968750 1270.3437500000000000
64.3618011474609375 263.0993652343750000 1277.3594970703125000
57.4077835083007812 263.1557617187500000 1277.6331787109375000
50.4507865905761719 263.2121582031250000 1277.9069824218750000
43.4908027648925781 263.2685852050781250 1278.1810302734375000
36.5278358459472656 263.3250427246093750 1278.4550781250000000
29.5618801116943359 263.3815307617187500 1278.7292480468750000
22.5929374694824219 263.4380187988281250 1279.0035400390625000
15.6210031509399414 263.4945373535156250 1279.2779541015625000
8.6460762023925781 263.5510864257812500 1279.5526123046875000
1.6681555509567261 263.6076660156250000 1279.8272705078125000
-5.3127617835998535 263.6642761230468750 1280.1020507812500000
-12.2966775894165039 263.7208862304687500 1280.3769531250000000
-19.2835941314697266 263.7775268554687500 1280.6519775390625000
-26.2735118865966797 263.8341979980468750 1280.9271240234375000
-33.2664337158203125 263.8908996582031250 1281.2023925781250000
-40.2623634338378906 263.9476318359375000 1281.4777832031250000
-47.2612991333007812 264.0043640136718750 1281.7532958984375000
-75.2871627807617188 264.2315979003906250 1282.8564453125000000
-82.3011703491210938 264.2884521484375000 1283.1325683593750000
-89.3181991577148438 264.3453674316406250 1283.4086914062500000
-109.8013992309570312 256.1452941894531250 1277.4204101562500000
-137.7860870361328125 256.3650207519531250 1278.5162353515625000
-144.7897644042968750 256.4199829101562500 1278.7904052734375000
-151.7964477539062500 256.4750061035156250 1279.0648193359375000
-158.8061370849609375 256.5300292968750000 1279.3392333984375000
-165.8188323974609375 256.5850830078125000 1279.6137695312500000
-172.8345336914062500 256.6401672363281250 1279.8885498046875000
-179.8532562255859375 256.6952819824218750 1280.1633300781250000
-186.8750000000000000 256.7504272460937500 1280.4382324218750000
-193.8997497558593750 256.8055725097656250 1280.7132568359375000
-200.9275207519531250 256.8607482910156250 1280.9885253906250000
-207.9583129882812500 256.9159545898437500 1281.2637939453125000
-214.9921264648437500 256.9711608886718750 1281.5391845703125000
-234.8600921630859375 248.8173522949218750 1275.5682373046875000
-241.8683929443359375 248.8706054687500000 1275.8413085937500000
-248.8796844482421875 248.9238586425781250 1276.1143798828125000
-255.8939819335937500 248.9771575927734375 1276.3875732421875000
-262.9112854003906250 249.0304718017578125 1276.6608886718750000
-269.9316101074218750 249.0838012695312500 1276.9343261718750000
-276.9549255371093750 249.1371612548828125 1277.2078857421875000
-283.9812316894531250 249.1905517578125000 1277.4814453125000000
-291.0105895996093750 249.2439575195312500 1277.7552490234375000
-298.0429382324218750 249.2973785400390625 1278.0291748046875000
-305.0783081054687500 249.3508300781250000 1278.3032226562500000
-312.1166992187500000 249.4043121337890625 1278.5772705078125000
-319.1580810546875000 249.4578094482421875 1278.8515625000000000
-326.2025146484375000 249.5113220214843750 1279.1259765625000000
-329.7435302734375000 233.1309051513671875 1265.9387207031250000
-331.4861450195312500 209.1620330810546875 1246.5295410156250000
-333.1761474609375000 185.9170379638671875 1227.7065429687500000
-331.4848632812500000 178.3117523193359375 1221.4744873046875000
-324.8881225585937500 148.6473541259765625 1197.1663818359375000
-323.2797546386718750 141.4148254394531250 1191.2398681640625000
-325.0143737792968750 120.1642608642578125 1174.0380859375000000
-326.6995849609375000 99.5186843872070312 1157.3260498046875000
-325.1358337402343750 92.7608489990234375 1151.7863769531250000
-323.5869445800781250 86.0673980712890625 1146.2995605468750000
-325.2527770996093750 66.3768692016601562 1130.3625488281250000
-323.7320251464843750 59.9306983947753906 1125.0775146484375000
-325.3654479980468750 40.9564819335937500 1109.7211914062500000
-323.8718261718750000 34.7441787719726562 1104.6269531250000000
-322.3918457031250000 28.5886516571044922 1099.5792236328125000
-320.9253540039062500 22.4891242980957031 1094.5773925781250000
-313.4723815917968750 16.4418334960937500 1089.4217529296875000
-306.0892944335937500 10.4512405395507812 1084.3145751953125000
-300.1212158203125000 10.4493408203125000 1084.1174316406250000
-294.1552734375000000 10.4474411010742188 1083.9202880859375000
-288.1915283203125000 10.4455413818359375 1083.7232666015625000
-282.2299499511718750 10.4436435699462891 1083.5263671875000000
-265.5532836914062500 16.4178333282470703 1087.8316650390625000
-259.5732116699218750 16.4148387908935547 1087.6331787109375000
-253.5953521728515625 16.4118442535400391 1087.4348144531250000
-247.6196594238281250 16.4088516235351562 1087.2364501953125000
-241.6461486816406250 16.4058589935302734 1087.0382080078125000
-235.6748046875000000 16.4028682708740234 1086.8400878906250000
-229.7056427001953125 16.3998794555664062 1086.6419677734375000
-223.7386627197265625 16.3968906402587891 1086.4439697265625000
-199.8924560546875000 16.3849487304687500 1085.6527099609375000
-193.9363403320312500 16.3819656372070312 1085.4549560546875000
-187.9823760986328125 16.3789825439453125 1085.2574462890625000
-170.9038848876953125 22.3863773345947266 1089.5765380859375000
-164.9315338134765625 22.3822860717773438 1089.3774414062500000
-158.9613647460937500 22.3781967163085938 1089.1784667968750000
-152.9933776855468750 22.3741092681884766 1088.9794921875000000
-147.0275726318359375 22.3700237274169922 1088.7806396484375000
-141.0639343261718750 22.3659400939941406 1088.5817871093750000
-135.1024932861328125 22.3618564605712891 1088.3830566406250000
-129.1432189941406250 22.3577747344970703 1088.1844482421875000
-103.4577636718750000 -1.3551898002624512 1068.0841064453125000
-103.0005722045898438 -7.1484560966491699 1063.3641357421875000
-107.3952102661132812 -24.2293262481689453 1049.6359863281250000
-106.9287796020507812 -29.8236198425292969 1045.0772705078125000
-106.4663848876953125 -35.3695297241210938 1040.5579833984375000
-106.0079727172851562 -40.8676834106445312 1036.0776367187500000
-105.1028900146484375 -51.7231597900390625 1027.2318115234375000
-104.6561203002929688 -57.0816802978515625 1022.8652343750000000
-104.2131271362304688 -62.3948402404785156 1018.5356445312500000
-103.7738723754882812 -67.6632080078125000 1014.2425537109375000
-103.3383102416992188 -72.8873519897460938 1009.9854736328125000
-107.5109100341796875 -88.3147048950195312 997.5929565429687500
-107.0670318603515625 -93.3681793212890625 993.4742431640625000
-106.6268081665039062 -98.3800964355468750 989.3894042968750000
-106.1901855468750000 -103.3509750366210938 985.3380126953125000
-105.7571258544921875 -108.2813034057617188 981.3196411132812500
-109.7838668823242188 -122.8539047241210938 969.6165161132812500
-109.3432617187500000 -127.6276168823242188 965.7251586914062500
-113.2646636962890625 -141.7442626953125000 954.3888549804687500
-112.8172073364257812 -146.3686676025390625 950.6185302734375000
-112.3732681274414062 -150.9566802978515625 946.8778076171875000
-111.9328079223632812 -155.5087280273437500 943.1664428710937500
-111.4957962036132812 -160.0252227783203125 939.4840698242187500
-111.0621719360351562 -164.5065917968750000 935.8303222656250000
-110.6319198608398438 -168.9532470703125000 932.2048339843750000
-110.2049789428710938 -173.3655700683593750 928.6074218750000000
-109.7813262939453125 -177.7439727783203125 925.0375976562500000
-109.3609161376953125 -182.0888519287109375 921.4951171875000000
-108.9437103271484375 -186.4005737304687500 917.9797363281250000
-108.5296783447265625 -190.6795196533203125 914.4910278320312500
