-425.9664306640625000 -493.4017333984375000 1477.8831787109375000
-426.5177307128906250 -511.1531066894531250 1464.3410644531250000
-422.0816650390625000 -511.1754150390625000 1464.4050292968750000
-417.6452331542968750 -511.1977539062500000 1464.4689941406250000
-413.2083740234375000 -511.2200622558593750 1464.5329589843750000
-408.7711486816406250 -511.2424011230468750 1464.5969238281250000
-404.3335571289062500 -511.2647399902343750 1464.6608886718750000
-399.8955383300781250 -511.2870788574218750 1464.7248535156250000
-395.4571533203125000 -511.3093872070312500 1464.7888183593750000
-391.0183715820312500 -511.3317260742187500 1464.8529052734375000
-386.5792236328125000 -511.3540649414062500 1464.9168701171875000
-382.1396789550781250 -511.3764038085937500 1464.9808349609375000
-377.6997375488281250 -511.3987426757812500 1465.0447998046875000
-373.2593994140625000 -511.4210815429687500 1465.1088867187500000
-368.8186950683593750 -511.4434509277343750 1465.1728515625000000
-364.3775939941406250 -511.4657897949218750 1465.2369384765625000
-359.9360961914062500 -511.4881286621093750 1465.3009033203125000
-355.4942016601562500 -511.5104980468750000 1465.3649902343750000
-351.6938781738281250 -508.0022583007812500 1468.1086425781250000
-344.6829833984375000 -497.3764343261718750 1476.3366699218750000
-341.4628295898437500 -490.2189025878906250 1481.8516845703125000
-338.2185058593750000 -483.0077209472656250 1487.4080810546875000
-334.9497680664062500 -475.7422180175781250 1493.0062255859375000
-331.6563415527343750 -468.4218444824218750 1498.6467285156250000
-328.3379211425781250 -461.0459594726562500 1504.3299560546875000
-325.6066589355468750 -449.8664550781250000 1512.9019775390625000
-322.8440856933593750 -438.5588073730468750 1521.5722656250000000
-320.0496826171875000 -427.1208496093750000 1530.3425292968750000
-318.4438781738281250 -407.7491455078125000 1545.1389160156250000
-316.8067016601562500 -387.9992065429687500 1560.2242431640625000
-315.1372375488281250 -367.8598327636718750 1575.6070556640625000
-314.0570068359375000 -343.1588134765625000 1594.4565429687500000
-312.9506225585937500 -317.8596496582031250 1613.7623291015625000
-299.3898925781250000 -274.3363342285156250 1647.1879882812500000
-286.7532653808593750 -256.4357299804687500 1661.0643310546875000
-282.2983703613281250 -251.9164886474609375 1664.5905761718750000
-277.8245239257812500 -247.3780059814453125 1668.1319580078125000
-273.3316040039062500 -242.8201751708984375 1671.6884765625000000
-268.8194885253906250 -238.2428741455078125 1675.2601318359375000
-264.2880554199218750 -233.6459655761718750 1678.8470458984375000
-259.7371826171875000 -229.0293273925781250 1682.4493408203125000
-255.1667175292968750 -224.3928375244140625 1686.0672607421875000
-221.6694793701171875 -200.9284667968750000 1704.5655517578125000
-207.0243530273437500 -191.3998718261718750 1712.0965576171875000
-197.0483551025390625 -186.6087036132812500 1715.9310302734375000
-187.0275726318359375 -181.7960357666015625 1719.7825927734375000
-161.6036376953125000 -172.1144409179687500 1727.6269531250000000
-130.6739959716796875 -162.3525238037109375 1735.6329345703125000
-109.8150939941406250 -157.4457397460937500 1739.7541503906250000
-83.5563583374023438 -152.5235137939453125 1743.9855957031250000
-51.8541831970214844 -147.5849914550781250 1748.3288574218750000
-19.9937095642089844 -142.6217956542968750 1752.6938476562500000
-14.6628198623657227 -142.6292572021484375 1752.7854003906250000
17.3721618652343750 -137.6409759521484375 1757.1727294921875000
22.7186336517333984 -137.6481933593750000 1757.2647705078125000
28.0656642913818359 -137.6553955078125000 1757.3569335937500000
33.4132575988769531 -137.6626129150390625 1757.4489746093750000
38.7614097595214844 -137.6698303222656250 1757.5411376953125000
44.1101226806640625 -137.6770477294921875 1757.6331787109375000
49.4593963623046875 -137.6842651367187500 1757.7253417968750000
81.7458419799804688 -132.6694793701171875 1762.1374511718750000
87.1108016967773438 -132.6764526367187500 1762.2299804687500000
92.4763259887695312 -132.6834259033203125 1762.3226318359375000
97.8424148559570312 -132.6903991699218750 1762.4152832031250000
103.2090682983398438 -132.6973724365234375 1762.5078125000000000
108.5762863159179688 -132.7043457031250000 1762.6004638671875000
113.9440612792968750 -132.7113189697265625 1762.6931152343750000
119.3124084472656250 -132.7182922363281250 1762.7857666015625000
124.6813201904296875 -132.7252807617187500 1762.8785400390625000
157.2520294189453125 -127.6832656860351562 1767.3165283203125000
173.7904663085937500 -122.5963821411132812 1771.4960937500000000
179.5850524902343750 -117.4729309082031250 1775.5074462890625000
185.4059448242187500 -112.3262329101562500 1779.5371093750000000
193.4015502929687500 -80.9268875122070312 1803.6188964843750000
193.8369903564453125 -75.6101760864257812 1807.6798095703125000
194.2744140625000000 -70.2694702148437500 1811.7590332031250000
194.7138061523437500 -64.9046020507812500 1815.8566894531250000
195.1551818847656250 -59.5154113769531250 1819.9729003906250000
195.5985870361328125 -54.1017341613769531 1824.1079101562500000
196.0439910888671875 -48.6634025573730469 1828.2617187500000000
196.4914398193359375 -43.2002449035644531 1832.4344482421875000
196.9409179687500000 -37.7120933532714844 1836.6263427734375000
197.3924713134765625 -32.1987724304199219 1840.8374023437500000
197.8460998535156250 -26.6601142883300781 1845.0678710937500000
194.9102630615234375 7.1135134696960449 1870.7600097656250000
195.3654785156250000 12.8342285156250000 1875.1292724609375000
195.8228302001953125 18.5817298889160156 1879.5189208984375000
192.8026885986328125 53.6368408203125000 1906.1865234375000000
189.6956176757812500 89.7010269165039062 1933.6217041015625000
186.4977874755859375 126.8184967041015625 1961.8581542968750000
186.9546203613281250 133.1116943359375000 1966.6638183593750000
187.4136962890625000 139.4357910156250000 1971.4931640625000000
187.8750457763671875 145.7910308837890625 1976.3461914062500000
188.3386535644531250 152.1776428222656250 1981.2231445312500000
188.8045654296875000 158.5958404541015625 1986.1242675781250000
185.0406188964843750 191.1576690673828125 2010.8776855468750000
174.5341644287109375 217.7815704345703125 2030.9814453125000000
169.2017669677734375 231.2941589355468750 2041.1848144531250000
163.8155212402343750 244.9431915283203125 2051.4912109375000000
163.4105987548828125 344.6183776855468750 2127.4667968750000000
163.8447570800781250 352.0228881835937500 2133.1191406250000000
158.6099853515625000 374.4503784179687500 2150.1201171875000000
152.4679107666015625 381.9895019531250000 2155.7551269531250000
145.9007720947265625 381.9649353027343750 2155.6166992187500000
139.3344726562500000 381.9403991699218750 2155.4780273437500000
132.7690277099609375 381.9158630371093750 2155.3395996093750000
125.8665466308593750 374.3303833007812500 2149.4311523437500000
118.3697433471679688 351.8662109375000000 2132.1696777343750000
118.0562210083007812 344.4654235839843750 2126.5224609375000000
117.7443542480468750 337.1036987304687500 2120.9047851562500000
117.4341354370117188 329.7807922363281250 2115.3168945312500000
-10.6843271255493164 190.7915649414062500 2007.0263671875000000
-16.7886524200439453 190.7801361083984375 2006.9062500000000000
-22.8922462463378906 190.7687225341796875 2006.7861328125000000
-28.9951114654541016 190.7573089599609375 2006.6661376953125000
-35.0972442626953125 190.7458953857421875 2006.5460205078125000
-41.1986465454101562 190.7344818115234375 2006.4260253906250000
-47.2993202209472656 190.7230682373046875 2006.3059082031250000
-53.3992652893066406 190.7116546630859375 2006.1859130859375000
-59.4984779357910156 190.7002563476562500 2006.0659179687500000
-65.5969619750976562 190.6888427734375000 2005.9459228515625000
-71.6947174072265625 190.6774444580078125 2005.8259277343750000
-77.7917404174804688 190.6660308837890625 2005.7059326171875000
-83.8880386352539062 190.6546325683593750 2005.5859375000000000
-89.9836044311523438 190.6432342529296875 2005.4660644531250000
-96.0784378051757812 190.6318206787109375 2005.3460693359375000
-102.1725463867187500 190.6204223632812500 2005.2261962890625000
-108.2659301757812500 190.6090240478515625 2005.1063232421875000
-114.3585815429687500 190.5976409912109375 2004.9864501953125000
-120.4505004882812500 190.5862426757812500 2004.8665771484375000
-126.5416946411132812 190.5748443603515625 2004.7467041015625000
-132.6321563720703125 190.5634460449218750 2004.6268310546875000
-138.7218933105468750 190.5520629882812500 2004.5069580078125000
-144.8109130859375000 190.5406646728515625 2004.3872070312500000
-150.8991851806640625 190.5292816162109375 2004.2674560546875000
-156.9867401123046875 190.5178985595703125 2004.1475830078125000
-163.0735778808593750 190.5065155029296875 2004.0278320312500000
-169.1596679687500000 190.4951324462890625 2003.9080810546875000
-175.2450408935546875 190.4837493896484375 2003.7883300781250000
-181.3296813964843750 190.4723663330078125 2003.6685791015625000
-187.4136047363281250 190.4609832763671875 2003.5489501953125000
-193.4967956542968750 190.4496002197265625 2003.4291992187500000
-199.5792541503906250 190.4382324218750000 2003.3095703125000000
-205.6609954833984375 190.4268493652343750 2003.1898193359375000
-211.7420043945312500 190.4154815673828125 2003.0701904296875000
-217.8222961425781250 190.4040985107421875 2002.9505615234375000
-223.9018554687500000 190.3927307128906250 2002.8309326171875000
-229.9806823730468750 190.3813629150390625 2002.7113037109375000
-369.8336486816406250 328.2073364257812500 2105.2243652343750000
-370.8059387207031250 335.4910888671875000 2110.7590332031250000
-371.7833557128906250 342.8132324218750000 2116.3227539062500000
-372.7659606933593750 350.1740722656250000 2121.9160156250000000
-382.2272033691406250 372.4682006835937500 2138.7382812500000000
-389.7465515136718750 379.9621276855468750 2144.3137207031250000
-396.2441711425781250 379.9378356933593750 2144.1767578125000000
-408.1470336914062500 372.3731994628906250 2138.1928710937500000
-416.6639404296875000 342.6618652343750000 2115.3884277343750000
-436.2298278808593750 189.9955596923828125 1998.6529541015625000
-435.1465759277343750 183.4589996337890625 1993.6898193359375000
-434.7086486816406250 144.9028778076171875 1964.3063964843750000
-433.6476745605468750 138.5884246826171875 1959.5122070312500000
-433.2388610839843750 101.3338317871093750 1931.1202392578125000
-432.8417053222656250 65.1434020996093750 1903.5394287109375000
-431.8179016113281250 59.2124900817871094 1899.0368652343750000
-431.4472351074218750 24.2066116333007812 1872.3585205078125000
-430.4434204101562500 18.4678688049316406 1868.0021972656250000
-430.0977172851562500 -15.4106674194335938 1842.1827392578125000
-429.1130981445312500 -20.9664382934570312 1837.9654541015625000
-428.7909851074218750 -53.7712173461914062 1812.9641113281250000
-427.8249206542968750 -59.1526412963867188 1808.8793945312500000
-427.5250854492187500 -90.9339065551757812 1784.6579589843750000
-426.5768432617187500 -96.1490707397460938 1780.6997070312500000
-426.2980957031250000 -126.9539718627929688 1757.2220458984375000
-426.0265502929687500 -156.9571533203125000 1734.3554687500000000
-425.1082458496093750 -161.8833312988281250 1730.6169433593750000
-424.8560485839843750 -190.9903259277343750 1708.4331054687500000
-423.9538879394531250 -195.7707672119140625 1704.8054199218750000
-423.7199707031250000 -224.0211334228515625 1683.2742919921875000
-422.8334655761718750 -228.6622161865234375 1679.7525634765625000
-422.6169128417968750 -256.0932312011718750 1658.8457031250000000
-422.4056396484375000 -282.8497924804687500 1638.4528808593750000
-422.1995239257812500 -308.9565124511718750 1618.5554199218750000
-421.9983520507812500 -334.4367370605468750 1599.1353759765625000
-421.8019409179687500 -359.3127746582031250 1580.1757812500000000
-421.6101684570312500 -383.6058654785156250 1561.6606445312500000
-422.2345886230468750 -403.4163208007812500 1546.5476074218750000
-422.8470153808593750 -422.8470153808593750 1531.7242431640625000
-423.4478454589843750 -441.9087829589843750 1517.1824951171875000
-424.0373840332031250 -460.6120300292968750 1502.9140625000000000
-425.4048156738281250 -475.3189697265625000 1491.6779785156250000
