-277.0508422851562500 -92.2377929687500000 981.4464721679687500
-278.8541870117187500 -106.9342727661132812 969.1119384765625000
-272.4961242675781250 -111.7794189453125000 965.3114013671875000
-266.1877136230468750 -116.5867156982421875 961.5405883789062500
-260.9927368164062500 -116.6085891723632812 961.7210083007812500
-255.7958068847656250 -116.6304779052734375 961.9014892578125000
-250.5969238281250000 -116.6523666381835938 962.0820922851562500
-245.3960876464843750 -116.6742706298828125 962.2626953125000000
-234.9885711669921875 -116.7180938720703125 962.6241455078125000
-219.3626251220703125 -116.7838973999023438 963.1668701171875000
-214.1500549316406250 -116.8058471679687500 963.3479003906250000
-208.9355316162109375 -116.8278121948242188 963.5289916992187500
-203.7190399169921875 -116.8497772216796875 963.7102050781250000
-198.5005950927734375 -116.8717498779296875 963.8914184570312500
-193.2801818847656250 -116.8937377929687500 964.0727539062500000
-188.0578002929687500 -116.9157257080078125 964.2540893554687500
-182.8334655761718750 -116.9377288818359375 964.4355468750000000
-177.6071624755859375 -116.9597396850585938 964.6170654296875000
-172.3788757324218750 -116.9817504882812500 964.7986450195312500
-167.1486358642578125 -117.0037765502929688 964.9802856445312500
-161.9164123535156250 -117.0258102416992188 965.1620483398437500
-156.6822357177734375 -117.0478515625000000 965.3438110351562500
-151.4460754394531250 -117.0699005126953125 965.5256347656250000
-146.2079467773437500 -117.0919647216796875 965.7075805664062500
-140.9678344726562500 -117.1140289306640625 965.8895874023437500
-135.7257537841796875 -117.1361007690429688 966.0716552734375000
-130.4817047119140625 -117.1581878662109375 966.2537841796875000
-125.2356643676757812 -117.1802825927734375 966.4359741210937500
-119.9876480102539062 -117.2023773193359375 966.6182250976562500
-114.7376556396484375 -117.2244873046875000 966.8005981445312500
-109.4856796264648438 -117.2466049194335938 966.9829711914062500
-104.2317276000976562 -117.2687301635742188 967.1654663085937500
-88.0949783325195312 -122.1096420288085938 963.7424316406250000
-82.8546066284179688 -122.1326065063476562 963.9237060546875000
-77.9321670532226562 -117.3794784545898438 968.0788574218750000
-72.9671096801757812 -112.5851974487304688 972.2700195312500000
-73.2704238891601562 -107.7286987304687500 976.3115844726562500
-73.5762634277343750 -102.8316574096679688 980.3869018554687500
-73.8846740722656250 -97.8935623168945312 984.4963989257812500
-74.1956787109375000 -92.9138946533203125 988.6405029296875000
-74.5093154907226562 -87.8921279907226562 992.8195800781250000
-74.8256149291992188 -82.8277282714843750 997.0341796875000000
-75.1446075439453125 -77.7201385498046875 1001.2847290039062500
-75.4663391113281250 -72.5688247680664062 1005.5716552734375000
-70.9069213867187500 -56.8580589294433594 1018.8580932617187500
-71.2158584594726562 -51.5250434875488281 1023.2971191406250000
-72.1590270996093750 -35.2434730529785156 1036.8494873046875000
-72.4789962768554688 -29.7200222015380859 1041.4470214843750000
-72.8018112182617188 -24.1473712921142578 1046.0855712890625000
-73.1275177001953125 -18.5248565673828125 1050.7656250000000000
-73.4561462402343750 -12.8518066406250000 1055.4876708984375000
-73.7877426147460938 -7.1275377273559570 1060.2524414062500000
-74.1223526000976562 -1.3513532876968384 1065.0604248046875000
-51.8723526000976562 22.3058128356933594 1085.6553955078125000
-45.9612617492675781 22.3105392456054688 1085.8853759765625000
-40.0476684570312500 22.3152675628662109 1086.1154785156250000
-34.1315689086914062 22.3199977874755859 1086.3457031250000000
-28.2129592895507812 22.3247280120849609 1086.5760498046875000
-22.2918395996093750 22.3294620513916016 1086.8063964843750000
-16.4443168640136719 28.3939723968505859 1092.0914306640625000
-16.5211372375488281 34.5103645324707031 1097.1931152343750000
-16.5986785888671875 40.6841697692871094 1102.3427734375000000
-16.6769504547119141 46.9162025451660156 1107.5410156250000000
-16.7559661865234375 53.2072868347167969 1112.7884521484375000
-16.8357315063476562 59.5582695007324219 1118.0858154296875000
-16.9162616729736328 65.9700088500976562 1123.4339599609375000
7.7461652755737305 92.3248367309570312 1146.3726806640625000
14.0012540817260742 92.3454895019531250 1146.6290283203125000
20.2591419219970703 92.3661575317382812 1146.8856201171875000
26.5198326110839844 92.3868255615234375 1147.1423339843750000
32.7833251953125000 92.4075088500976562 1147.3991699218750000
39.0496215820312500 92.4281997680664062 1147.6561279296875000
45.3187255859375000 92.4489059448242188 1147.9130859375000000
51.5906410217285156 92.4696121215820312 1148.1702880859375000
57.8653640747070312 92.4903335571289062 1148.4276123046875000
76.3329238891601562 85.8650360107421875 1143.6044921875000000
82.5882186889648438 85.8842010498046875 1143.8597412109375000
89.2812118530273438 92.5940704345703125 1149.7156982421875000
89.7204055786132812 99.3506011962890625 1155.3713378906250000
90.1639480590820312 106.1739273071289062 1161.0830078125000000
90.6118927001953125 113.0650558471679688 1166.8514404296875000
85.5031509399414062 134.1244812011718750 1184.2320556640625000
85.9364547729492188 141.2953338623046875 1190.2332763671875000
86.3741683959960938 148.5392456054687500 1196.2957763671875000
86.8163681030273438 155.8573303222656250 1202.4201660156250000
87.2631149291992188 163.2507171630859375 1208.6077880859375000
87.7144851684570312 170.7205963134765625 1214.8592529296875000
88.1705474853515625 178.2681579589843750 1221.1759033203125000
88.6313781738281250 185.8946075439453125 1227.5584716796875000
89.0970535278320312 193.6011962890625000 1234.0080566406250000
89.5676422119140625 201.3892059326171875 1240.5258789062500000
90.0432357788085938 209.2599029541015625 1247.1127929687500000
90.5239028930664062 217.2146453857421875 1253.7701416015625000
85.0270996093750000 241.5366668701171875 1273.8588867187500000
78.4860534667968750 249.7765350341796875 1280.4855957031250000
71.4848251342773438 249.7141571044921875 1280.1657714843750000
64.4870986938476562 249.6517944335937500 1279.8460693359375000
57.4928588867187500 249.5894622802734375 1279.5266113281250000
50.5021171569824219 249.5271759033203125 1279.2071533203125000
43.5148582458496094 249.4649047851562500 1278.8880615234375000
36.5310897827148438 249.4026794433593750 1278.5689697265625000
29.5508022308349609 249.3404693603515625 1278.2501220703125000
22.5739974975585938 249.2783050537109375 1277.9313964843750000
15.6006698608398438 249.2161712646484375 1277.6127929687500000
8.6308183670043945 249.1540527343750000 1277.2944335937500000
1.6644394397735596 249.0919799804687500 1276.9761962890625000
-5.2984685897827148 249.0299377441406250 1276.6580810546875000
-26.3092956542968750 257.1982727050781250 1282.6717529296875000
-33.2962532043457031 257.1339111328125000 1282.3508300781250000
-40.2797164916992188 257.0695800781250000 1282.0300292968750000
-47.2596855163574219 257.0053100585937500 1281.7094726562500000
-54.2361640930175781 256.9410400390625000 1281.3890380859375000
-61.2091522216796875 256.8768310546875000 1281.0687255859375000
-68.1786575317382812 256.8126525878906250 1280.7485351562500000
-75.1446838378906250 256.7484741210937500 1280.4285888671875000
-82.1072235107421875 256.6843566894531250 1280.1087646484375000
-89.0662918090820312 256.6202697753906250 1279.7891845703125000
-96.0218887329101562 256.5561828613281250 1279.4697265625000000
-102.9740066528320312 256.4921569824218750 1279.1503906250000000
-109.9226608276367188 256.4281616210937500 1278.8311767578125000
-116.8678436279296875 256.3641967773437500 1278.5122070312500000
-123.8095626831054688 256.3002624511718750 1278.1933593750000000
-130.7478179931640625 256.2363586425781250 1277.8746337890625000
-137.6826171875000000 256.1724853515625000 1277.5561523437500000
-159.3323211669921875 264.3802795410156250 1283.5782470703125000
-166.2909088134765625 264.3140869140625000 1283.2568359375000000
-173.2460174560546875 264.2479248046875000 1282.9356689453125000
-180.1976470947265625 264.1817932128906250 1282.6145019531250000
-187.1457824707031250 264.1156921386718750 1282.2937011718750000
-194.0904541015625000 264.0496215820312500 1281.9729003906250000
-206.8409423828125000 255.5355224609375000 1274.3795166015625000
-220.6313629150390625 255.4085235595703125 1273.7460937500000000
-227.5214233398437500 255.3450622558593750 1273.4295654296875000
-249.5229797363281250 263.5223083496093750 1279.4128417968750000
-263.3465270996093750 263.3908081054687500 1278.7744140625000000
-270.2531433105468750 263.3251037597656250 1278.4553222656250000
-277.1563110351562500 263.2594299316406250 1278.1365966796875000
-284.0560302734375000 263.1938171386718750 1277.8178710937500000
-290.9523010253906250 263.1282043457031250 1277.4993896484375000
-297.8451538085937500 263.0626220703125000 1277.1810302734375000
-304.7345581054687500 262.9971008300781250 1276.8629150390625000
-332.2579040527343750 262.7352600097656250 1275.5916748046875000
-339.1301574707031250 262.6698913574218750 1275.2742919921875000
-345.9990234375000000 262.6045532226562500 1274.9570312500000000
-352.8644714355468750 262.5392456054687500 1274.6400146484375000
-359.7264709472656250 262.4739685058593750 1274.3231201171875000
-366.5850830078125000 262.4087219238281250 1274.0063476562500000
-373.4403076171875000 262.3435058593750000 1273.6896972656250000
-380.2921142578125000 262.2783508300781250 1273.3732910156250000
-387.1405029296875000 262.2131958007812500 1273.0570068359375000
-393.9854736328125000 262.1480712890625000 1272.7408447265625000
-400.8270874023437500 262.0830078125000000 1272.4248046875000000
-407.6652832031250000 262.0179443359375000 1272.1090087890625000
-412.2676696777343750 253.6435089111328125 1264.9438476562500000
-416.8185424804687500 245.3628692626953125 1257.8588867187500000
-419.0867309570312500 229.1324157714843750 1244.2263183593750000
-419.1098327636718750 205.4603729248046875 1224.4689941406250000
-416.9361572265625000 197.7515411376953125 1218.1184082031250000
-414.7849426269531250 190.1222534179687500 1211.8333740234375000
-412.6557922363281250 182.5712890625000000 1205.6129150390625000
-410.5483703613281250 175.0974578857421875 1199.4559326171875000
-402.0477905273437500 167.7386322021484375 1193.6394042968750000
-395.6301879882812500 167.7776947021484375 1193.9174804687500000
-378.2837219238281250 175.3025817871093750 1200.8610839843750000
-371.8217468261718750 175.3436737060546875 1201.1424560546875000
-365.3566894531250000 175.3847656250000000 1201.4240722656250000
-358.8886413574218750 175.4258880615234375 1201.7056884765625000
-352.4175415039062500 175.4670410156250000 1201.9875488281250000
-345.9434204101562500 175.5081939697265625 1202.2695312500000000
-313.5895080566406250 146.4203186035156250 1179.2304687500000000
-312.0228881835937500 139.2898254394531250 1173.3393554687500000
-310.4718627929687500 132.2302093505859375 1167.5068359375000000
-312.1135253906250000 111.4412841796875000 1150.0938720703125000
-310.5926208496093750 104.6565551757812500 1144.4895019531250000
-309.0864562988281250 97.9376220703125000 1138.9395751953125000
-310.7087097167968750 78.1491012573242188 1122.3623046875000000
-309.2309875488281250 71.6855239868164062 1117.0242919921875000
-310.8204040527343750 52.6471824645996094 1101.0743408203125000
-309.3700561523437500 46.4246292114257812 1095.9365234375000000
-307.9331970214843750 40.2598724365234375 1090.8464355468750000
-306.5096130371093750 34.1521186828613281 1085.8034667968750000
-305.0991210937500000 28.1005783081054688 1080.8068847656250000
-299.2678527832031250 28.1065044403076172 1081.0347900390625000
-293.4341125488281250 28.1124343872070312 1081.2628173828125000
-265.1870422363281250 4.4468231201171875 1062.5921630859375000
-267.2987365722656250 -12.7624454498291016 1048.1486816406250000
-266.1111450195312500 -18.3966217041015625 1043.4919433593750000
-264.9340820312500000 -23.9809551239013672 1038.8763427734375000
-267.0026245117187500 -40.4333381652832031 1025.0661621093750000
-270.1806030273437500 -51.1573410034179688 1015.9945068359375000
-274.4797668457031250 -56.4429054260253906 1011.4188232421875000
-277.5505065917968750 -66.8855667114257812 1002.5860595703125000
-276.3707580566406250 -72.0458145141601562 998.3244628906250000
-278.2134094238281250 -87.2498779296875000 985.5648803710937500
