-308.4236450195312500 153.4811401367187500 1184.0882568359375000
-310.1849365234375000 132.1080169677734375 1166.4278564453125000
-308.6728820800781250 125.1336975097656250 1160.7418212890625000
-310.3963012695312500 104.5904006958007812 1143.7661132812500000
-308.9124450683593750 97.8824844360351562 1138.2983398437500000
-310.5996093750000000 78.1216583251953125 1121.9681396484375000
-309.1429443359375000 71.6651153564453125 1116.7062988281250000
-310.7952880859375000 52.6429328918457031 1100.9854736328125000
-309.3648681640625000 46.4238471984863281 1095.9180908203125000
-307.9475402832031250 40.2617492675781250 1090.8973388671875000
-306.5431213378906250 34.1558570861816406 1085.9222412109375000
-305.1514892578125000 28.1054019927978516 1080.9923095703125000
-299.3168029785156250 28.1111030578613281 1081.2116699218750000
-293.4797668457031250 28.1168079376220703 1081.4310302734375000
-265.2846069335937500 4.4484591484069824 1062.9830322265625000
-267.4466552734375000 -12.7695083618164062 1048.7287597656250000
-266.2738952636718750 -18.4078731536865234 1044.1301269531250000
-268.3850708007812500 -35.0233535766601562 1030.3736572265625000
-271.6013488769531250 -45.8562965393066406 1021.3370971679687500
-274.7616882324218750 -56.5008773803710938 1012.4576416015625000
-279.0437927246093750 -61.7482223510742188 1007.9802246093750000
-277.8675537109375000 -66.9619674682617188 1003.7312622070312500
-279.7511596679687500 -82.3274536132812500 991.0122680664062500
-278.5916748046875000 -87.3685073852539062 986.9048461914062500
-280.4350891113281250 -102.2253112792968750 974.6060791015625000
-279.2919311523437500 -107.1021347045898438 970.6332397460937500
-278.1580505371093750 -111.9393692016601562 966.6926879882812500
-270.7368774414062500 -121.5188064575195312 959.0793457031250000
-264.4886474609375000 -126.2634811401367188 955.4030761718750000
-259.3246459960937500 -126.2861175537109375 955.5744018554687500
-254.1588287353515625 -126.3087692260742188 955.7457275390625000
-248.9911346435546875 -126.3314208984375000 955.9171752929687500
-243.8215942382812500 -126.3540878295898438 956.0886840820312500
-238.6502075195312500 -126.3767547607421875 956.2602539062500000
-224.0250396728515625 -121.7159423828125000 960.6351928710937500
-218.8254852294921875 -121.7378845214843750 960.8084106445312500
-213.6240539550781250 -121.7598342895507812 960.9816894531250000
-208.4207305908203125 -121.7817993164062500 961.1549682617187500
-203.2155456542968750 -121.8037643432617188 961.3283691406250000
-198.0084838867187500 -121.8257369995117188 961.5017700195312500
-192.7995300292968750 -121.8477249145507812 961.6752929687500000
-187.5887145996093750 -121.8697128295898438 961.8488769531250000
-182.3760070800781250 -121.8917160034179688 962.0224609375000000
-177.1614074707031250 -121.9137191772460938 962.1961669921875000
-171.9449462890625000 -121.9357376098632812 962.3699340820312500
-166.7265777587890625 -121.9577560424804688 962.5437622070312500
-161.5063476562500000 -121.9797897338867188 962.7175903320312500
-156.2842102050781250 -122.0018234252929688 962.8915405273437500
-151.0601959228515625 -122.0238723754882812 963.0655517578125000
-145.8342895507812500 -122.0459289550781250 963.2396240234375000
-140.6065063476562500 -122.0679931640625000 963.4137573242187500
-135.3768157958984375 -122.0900650024414062 963.5879516601562500
-130.1452331542968750 -122.1121368408203125 963.7622070312500000
-113.9775848388671875 -126.9233398437500000 960.3960571289062500
-108.7594833374023438 -126.9462127685546875 960.5691528320312500
-103.5394973754882812 -126.9691009521484375 960.7423095703125000
-98.3176345825195312 -126.9919891357421875 960.9155273437500000
-93.0938873291015625 -127.0148925781250000 961.0888061523437500
-87.8682556152343750 -127.0378036499023438 961.2622070312500000
-82.6407394409179688 -127.0607223510742188 961.4356079101562500
-77.4113388061523438 -127.0836486816406250 961.6090698242187500
-72.4727783203125000 -122.3555374145507812 965.6831665039062500
-72.7678909301757812 -117.5657958984375000 969.6154785156250000
-73.0654144287109375 -112.7368850708007812 973.5799560546875000
-73.3653869628906250 -107.8683319091796875 977.5770263671875000
-73.6678314208984375 -102.9596328735351562 981.6069946289062500
-73.9727783203125000 -98.0102920532226562 985.6703491210937500
-74.2802581787109375 -93.0198135375976562 989.7674560546875000
-74.5903091430664062 -87.9876708984375000 993.8988037109375000
-74.9029541015625000 -82.9133377075195312 998.0647583007812500
-75.2182388305664062 -77.7962951660156250 1002.2658081054687500
-70.6577148437500000 -62.1952323913574219 1015.2772216796875000
-70.9602813720703125 -56.9008407592773438 1019.6246948242187500
-71.2654418945312500 -51.5609169006347656 1024.0096435546875000
-72.1968917846679688 -35.2619667053222656 1037.3935546875000000
-72.5128097534179688 -29.7338886260986328 1041.9329833984375000
-72.8315048217773438 -24.1572189331054688 1046.5122070312500000
-73.1530075073242188 -18.5313148498535156 1051.1319580078125000
-73.4773712158203125 -12.8555192947387695 1055.7926025390625000
-73.8046188354492188 -7.1291675567626953 1060.4948730468750000
-74.1347961425781250 -1.3515801429748535 1065.2391357421875000
-74.4679336547851562 4.4779334068298340 1070.0261230468750000
-52.1040039062500000 28.3526916503906250 1090.5036621093750000
-46.1661834716796875 28.3584957122802734 1090.7269287109375000
-28.2088394165039062 22.3214702606201172 1086.4173583984375000
-22.2884025573730469 22.3260211944580078 1086.6389160156250000
-16.4405937194824219 28.3875446319580078 1091.8442382812500000
-16.5163288116455078 34.5003166198730469 1096.8737792968750000
-16.5927619934082031 40.6696701049804688 1101.9499511718750000
-16.6699085235595703 46.8963851928710938 1107.0732421875000000
-16.7477741241455078 53.1812744140625000 1112.2445068359375000
-16.8263702392578125 59.5251541137695312 1117.4642333984375000
-16.9057102203369141 65.9288558959960938 1122.7331542968750000
-16.9857997894287109 72.3932342529296875 1128.0520019531250000
7.7763142585754395 98.9604644775390625 1150.8344726562500000
14.0556402206420898 98.9818420410156250 1151.0830078125000000
20.3376789093017578 99.0032272338867188 1151.3316650390625000
26.6224327087402344 99.0246200561523438 1151.5804443359375000
32.9099044799804688 99.0460205078125000 1151.8293457031250000
39.2000923156738281 99.0674285888671875 1152.0783691406250000
45.4930000305175781 99.0888519287109375 1152.3275146484375000
51.7886314392089844 99.1102828979492188 1152.5766601562500000
70.3511199951171875 92.4370269775390625 1147.7656250000000000
76.6271820068359375 92.4569396972656250 1148.0129394531250000
82.9059448242187500 92.4768600463867188 1148.2602539062500000
89.1874084472656250 92.4967880249023438 1148.5076904296875000
89.6196746826171875 99.2390594482421875 1154.0742187500000000
90.0561523437500000 106.0469970703125000 1159.6949462890625000
90.4969024658203125 112.9215774536132812 1165.3707275390625000
85.3762054443359375 133.9253540039062500 1182.4737548828125000
85.8022994995117188 141.0747680664062500 1188.3752441406250000
86.2326660156250000 148.2959136962890625 1194.3359375000000000
86.6673736572265625 155.5898590087890625 1200.3566894531250000
87.1064910888671875 162.9577026367187500 1206.4384765625000000
87.5500717163085938 170.4006042480468750 1212.5821533203125000
87.9981994628906250 177.9196929931640625 1218.7888183593750000
88.4509353637695312 185.5161590576171875 1225.0593261718750000
88.9083557128906250 193.1911773681640625 1231.3946533203125000
89.3705291748046875 200.9459991455078125 1237.7957763671875000
89.8375396728515625 208.7818756103515625 1244.2639160156250000
90.3094482421875000 216.7000579833984375 1250.7999267578125000
84.8044891357421875 240.9043121337890625 1270.5238037109375000
78.2744522094726562 249.1031188964843750 1277.0333251953125000
71.2928237915039062 249.0434417724609375 1276.7272949218750000
64.3145446777343750 248.9837951660156250 1276.4215087890625000
57.3396110534667969 248.9241790771484375 1276.1159667968750000
50.3680152893066406 248.8645782470703125 1275.8104248046875000
43.3997535705566406 248.8050231933593750 1275.5051269531250000
36.4348297119140625 248.7454833984375000 1275.1998291015625000
29.4732341766357422 248.6859893798828125 1274.8947753906250000
22.5149726867675781 248.6265106201171875 1274.5899658203125000
15.5600366592407227 248.5670623779296875 1274.2851562500000000
8.6084260940551758 248.5076446533203125 1273.9805908203125000
1.6601380109786987 248.4482421875000000 1273.6760253906250000
-5.2848291397094727 248.3888854980468750 1273.3717041015625000
-26.2400569915771484 256.5213928222656250 1279.2961425781250000
-33.2089653015136719 256.4598388671875000 1278.9890136718750000
-40.1745300292968750 256.3982849121093750 1278.6822509765625000
-47.1367530822753906 256.3367919921875000 1278.3754882812500000
-54.0956382751464844 256.2753295898437500 1278.0688476562500000
-61.0511817932128906 256.2138671875000000 1277.7624511718750000
-68.0033950805664062 256.1524658203125000 1277.4561767578125000
-74.9522781372070312 256.0910644531250000 1277.1500244140625000
-81.8978271484375000 256.0297241210937500 1276.8441162109375000
-88.8400497436523438 255.9683990478515625 1276.5382080078125000
-95.7789459228515625 255.9070892333984375 1276.2325439453125000
-102.7145233154296875 255.8458251953125000 1275.9270019531250000
-109.6467742919921875 255.7845916748046875 1275.6215820312500000
-116.5757141113281250 255.7233886718750000 1275.3162841796875000
-123.5013351440429688 255.6622009277343750 1275.0112304687500000
-130.4236450195312500 255.6010437011718750 1274.7062988281250000
-137.3426513671875000 255.5399322509765625 1274.4014892578125000
-158.9297943115234375 263.7123413085937500 1280.3354492187500000
-165.8724975585937500 263.6489868164062500 1280.0278320312500000
-172.8118591308593750 263.5856933593750000 1279.7204589843750000
-192.5757293701171875 255.0520172119140625 1271.9681396484375000
-199.4650421142578125 254.9911499023437500 1271.6646728515625000
-226.9894409179687500 254.7480010986328125 1270.4520263671875000
-233.8623352050781250 254.6872863769531250 1270.1492919921875000
-240.7319488525390625 254.6266021728515625 1269.8466796875000000
-247.5983123779296875 254.5659484863281250 1269.5440673828125000
-254.4613800048828125 254.5053253173828125 1269.2418212890625000
-261.3211975097656250 254.4447174072265625 1268.9395751953125000
-268.1777343750000000 254.3841552734375000 1268.6374511718750000
-275.0310363769531250 254.3236083984375000 1268.3355712890625000
-281.8810424804687500 254.2631072998046875 1268.0338134765625000
-288.7278137207031250 254.2026214599609375 1267.7321777343750000
-295.5713195800781250 254.1421661376953125 1267.4306640625000000
-302.4115600585937500 254.0817413330078125 1267.1292724609375000
-309.2485656738281250 254.0213470458984375 1266.8281250000000000
-331.5024719238281250 262.1379394531250000 1272.6915283203125000
-338.3625488281250000 262.0753479003906250 1272.3876953125000000
-345.2193298339843750 262.0127868652343750 1272.0839843750000000
-352.0728454589843750 261.9502563476562500 1271.7803955078125000
-358.9230651855468750 261.8877563476562500 1271.4770507812500000
-365.7700500488281250 261.8253173828125000 1271.1737060546875000
-372.6137695312500000 261.7628784179687500 1270.8706054687500000
-379.4541931152343750 261.7004699707031250 1270.5676269531250000
-386.2913818359375000 261.6380920410156250 1270.2647705078125000
-393.1253051757812500 261.5757446289062500 1269.9621582031250000
-399.9559631347656250 261.5134277343750000 1269.6595458984375000
-406.7833862304687500 261.4511413574218750 1269.3571777343750000
-411.4148864746093750 253.1188201904296875 1262.3271484375000000
-415.9953308105468750 244.8782958984375000 1255.3746337890625000
-418.3321838378906250 228.7198791503906250 1241.9862060546875000
-418.4601135253906250 205.1418457031250000 1222.5706787109375000
-416.3225402832031250 197.4604949951171875 1216.3256835937500000
-414.2066955566406250 189.8572082519531250 1210.1440429687500000
-412.1122741699218750 182.3308258056640625 1204.0249023437500000
-405.6375427246093750 182.3720245361328125 1204.2969970703125000
-399.1598815917968750 182.4132537841796875 1204.5692138671875000
-392.6792907714843750 182.4544830322265625 1204.8415527343750000
-386.1957702636718750 182.4957427978515625 1205.1140136718750000
-379.7093200683593750 182.5370178222656250 1205.3865966796875000
-373.2199401855468750 182.5783081054687500 1205.6593017578125000
-366.7276000976562500 182.6196289062500000 1205.9320068359375000
-360.2323303222656250 182.6609649658203125 1206.2049560546875000
-353.7341308593750000 182.7023162841796875 1206.4780273437500000
-347.2330017089843750 182.7436828613281250 1206.7512207031250000
-340.7289123535156250 182.7850646972656250 1207.0245361328125000
