-179.2248687744140625 255.7984161376953125 1275.6905517578125000
-186.1419525146484375 255.7432708740234375 1275.4155273437500000
-193.0560455322265625 255.6881561279296875 1275.1406250000000000
-227.5819091796875000 255.4129333496093750 1273.7681884765625000
-234.4781646728515625 255.3579711914062500 1273.4940185546875000
-241.3714599609375000 255.3030242919921875 1273.2199707031250000
-248.2617797851562500 255.2480926513671875 1272.9460449218750000
-255.1491394042968750 255.1931915283203125 1272.6722412109375000
-262.0335388183593750 255.1383056640625000 1272.3985595703125000
-268.9149475097656250 255.0834503173828125 1272.1250000000000000
-275.7934265136718750 255.0286254882812500 1271.8515625000000000
-298.0225524902343750 263.2193298339843750 1277.9417724609375000
-304.9261779785156250 263.1624755859375000 1277.6657714843750000
-323.8601074218750000 254.6454772949218750 1269.9406738281250000
-330.7149658203125000 254.5908203125000000 1269.6682128906250000
-337.5669250488281250 254.5362091064453125 1269.3957519531250000
-344.4158935546875000 254.4816131591796875 1269.1235351562500000
-351.2619628906250000 254.4270477294921875 1268.8513183593750000
-373.7989196777343750 262.5954284667968750 1274.9128417968750000
-380.6698608398437500 262.5388793945312500 1274.6381835937500000
-387.5378417968750000 262.4823303222656250 1274.3636474609375000
-394.4028930664062500 262.4258117675781250 1274.0892333984375000
-401.2649841308593750 262.3693237304687500 1273.8149414062500000
-408.1240844726562500 262.3128356933593750 1273.5407714843750000
-412.7446289062500000 253.9369354248046875 1266.4072265625000000
-417.3136901855468750 245.6543426513671875 1259.3530273437500000
-419.5966491699218750 229.4112243652343750 1245.7402343750000000
-419.6307983398437500 205.7157592773437500 1225.9909667968750000
-417.4535827636718750 197.9969482421875000 1219.6301269531250000
-415.2988891601562500 190.3578338623046875 1213.3349609375000000
-413.1662902832031250 182.7971649169921875 1207.1043701171875000
-411.0555114746093750 175.3137359619140625 1200.9375000000000000
-402.5311889648437500 167.9403076171875000 1195.0745849609375000
-396.0936279296875000 167.9742431640625000 1195.3160400390625000
-389.6534729003906250 168.0081787109375000 1195.5576171875000000
-372.2115478515625000 175.5274963378906250 1202.4017333984375000
-365.7283630371093750 175.5631713867187500 1202.6461181640625000
-344.4993591308593750 168.2461547851562500 1197.2509765625000000
-312.2725830078125000 139.4012908935546875 1174.2783203125000000
-310.7203979492187500 132.3360595703125000 1168.4414062500000000
-312.3729858398437500 111.5339279174804688 1151.0499267578125000
-310.8508911132812500 104.7435760498046875 1145.4411621093750000
-312.4695129394531250 84.7476730346679688 1128.7227783203125000
-310.9763183593750000 78.2164077758789062 1123.3289794921875000
-312.5623474121093750 58.9808082580566406 1107.2452392578125000
-311.0970153808593750 52.6940383911132812 1102.0541992187500000
-309.6453247070312500 46.4659385681152344 1096.9117431640625000
-308.2071533203125000 40.2956924438476562 1091.8170166015625000
-306.7822570800781250 34.1824989318847656 1086.7692871093750000
-305.3704833984375000 28.1255722045898438 1081.7681884765625000
-296.7935180664062500 16.1803607940673828 1072.0968017578125000
-267.4998779296875000 -12.7720489501953125 1048.9375000000000000
-269.5641174316406250 -29.5331916809082031 1034.9001464843750000
-271.5738220214843750 -45.8516502380371094 1021.2335815429687500
-280.1816406250000000 -56.4803886413574219 1012.0904541015625000
-278.9804992675781250 -61.7342147827148438 1007.7515869140625000
-280.8170471191406250 -77.2158737182617188 994.7881469726562500
-279.6336669921875000 -82.2928848266601562 990.5960693359375000
-278.4602355957031250 -87.3272857666015625 986.4392089843750000
-280.2649841308593750 -102.1633071899414062 974.0148925781250000
-279.1084899902343750 -107.0317916870117188 969.9957275390625000
-277.9615173339843750 -111.8602676391601562 966.0095825195312500
-270.5140380859375000 -121.4187927246093750 958.2899780273437500
-264.2533569335937500 -126.1511688232421875 954.5532226562500000
-259.0893249511718750 -126.1715240478515625 954.7072753906250000
-244.5810394287109375 -121.5171966552734375 959.0666503906250000
-239.3893890380859375 -121.5368957519531250 959.2221069335937500
-234.1960601806640625 -121.5566024780273438 959.3776245117187500
-219.5022277832031250 -116.8582229614257812 963.7798461914062500
-214.2809753417968750 -116.8772583007812500 963.9368896484375000
-209.0580291748046875 -116.8963088989257812 964.0939331054687500
-203.8333740234375000 -116.9153518676757812 964.2510375976562500
-198.6070251464843750 -116.9344100952148438 964.4082031250000000
-193.3789520263671875 -116.9534759521484375 964.5654296875000000
-188.1492004394531250 -116.9725418090820312 964.7227172851562500
-182.9177246093750000 -116.9916152954101562 964.8800048828125000
-177.6845397949218750 -117.0106964111328125 965.0373535156250000
-172.4496612548828125 -117.0297851562500000 965.1948242187500000
-167.2130584716796875 -117.0488815307617188 965.3522949218750000
-161.9747619628906250 -117.0679779052734375 965.5098266601562500
-156.7347564697265625 -117.0870895385742188 965.6673583984375000
-151.4930267333984375 -117.1062011718750000 965.8250122070312500
-146.2495880126953125 -117.1253204345703125 965.9826660156250000
-141.0044403076171875 -117.1444396972656250 966.1403808593750000
-135.7575836181640625 -117.1635742187500000 966.2982177734375000
-130.5090179443359375 -117.1827087402343750 966.4560546875000000
-125.2587203979492188 -117.2018508911132812 966.6138916015625000
-120.0067214965820312 -117.2210006713867188 966.7718505859375000
-114.7529983520507812 -117.2401580810546875 966.9298095703125000
-109.4975585937500000 -117.2593231201171875 967.0878906250000000
-104.2404022216796875 -117.2784881591796875 967.2459716796875000
-98.9815216064453125 -117.2976684570312500 967.4041137695312500
-93.7209320068359375 -117.3168487548828125 967.5623168945312500
-88.4586105346679688 -117.3360366821289062 967.7205810546875000
-83.1945724487304688 -117.3552246093750000 967.8788452148437500
-78.2510604858398438 -112.5585784912109375 972.0401000976562500
-73.2648468017578125 -107.7205047607421875 976.2373046875000000
-73.5703811645507812 -102.8234329223632812 980.3085327148437500
-73.8784713745117188 -97.8853454589843750 984.4137573242187500
-74.1891555786132812 -92.9057312011718750 988.5535888671875000
-74.5024642944335938 -87.8840484619140625 992.7283325195312500
-74.8184356689453125 -82.8197784423828125 996.9384765625000000
-75.1370925903320312 -77.7123641967773438 1001.1845092773437500
-75.4584732055664062 -72.5612640380859375 1005.4669189453125000
-75.7826156616210938 -67.3659057617187500 1009.7860717773437500
-76.1095581054687500 -62.1257171630859375 1014.1424560546875000
-76.4393310546875000 -56.8401222229003906 1018.5366210937500000
-76.7719802856445312 -51.5085220336914062 1022.9690551757812500
-77.1075286865234375 -46.1303176879882812 1027.4401855468750000
-77.4460296630859375 -40.7048912048339844 1031.9505615234375000
-77.7875137329101562 -35.2316207885742188 1036.5008544921875000
-78.1320190429687500 -29.7098712921142578 1041.0913085937500000
-78.4795913696289062 -24.1389923095703125 1045.7226562500000000
-73.7741470336914062 -7.1262245178222656 1060.0571289062500000
-74.1083450317382812 -1.3510978221893311 1064.8591308593750000
-74.4455795288085938 4.4765887260437012 1069.7048339843750000
-52.0961799621582031 28.3484344482421875 1090.3399658203125000
-46.1583137512207031 28.3536586761474609 1090.5408935546875000
-40.2182579040527344 28.3588867187500000 1090.7419433593750000
-34.2760086059570312 28.3641147613525391 1090.9429931640625000
-28.3315715789794922 28.3693447113037109 1091.1441650390625000
-22.3849411010742188 28.3745784759521484 1091.3454589843750000
-16.5127925872802734 34.4929351806640625 1096.6390380859375000
-16.5901889801025391 40.6633605957031250 1101.7789306640625000
-16.6683139801025391 46.8918991088867188 1106.9672851562500000
-16.7471771240234375 53.1793785095214844 1112.2048339843750000
-16.8267898559570312 59.5266380310058594 1117.4920654296875000
-16.9071655273437500 65.9345321655273438 1122.8298339843750000
-16.9883098602294922 72.4039382934570312 1128.2188720703125000
7.7787671089172363 98.9916839599609375 1151.1975097656250000
14.0597724914550781 99.0109481811523438 1151.4215087890625000
20.3432235717773438 99.0302200317382812 1151.6456298828125000
26.6291217803955078 99.0494918823242188 1151.8697509765625000
45.2795028686523438 92.3688888549804688 1146.9195556640625000
51.5444335937500000 92.3867950439453125 1147.1419677734375000
57.8117942810058594 92.4047088623046875 1147.3643798828125000
76.2560577392578125 85.7785644531250000 1142.4527587890625000
82.5025634765625000 85.7951278686523438 1142.6734619140625000
89.1850967407226562 92.4943923950195312 1148.4779052734375000
89.6229629516601562 99.2426986694335938 1154.1165771484375000
90.0651550292968750 106.0575942993164062 1159.8107910156250000
90.5117263793945312 112.9400711059570312 1165.5615234375000000
85.4087524414062500 133.9763946533203125 1182.9245605468750000
85.8407211303710938 141.1379394531250000 1188.9073486328125000
86.2770767211914062 148.3722839355468750 1194.9510498046875000
86.7178955078125000 155.6805419921875000 1201.0563964843750000
87.1632461547851562 163.0638885498046875 1207.2244873046875000
87.6131896972656250 170.5234375000000000 1213.4562988281250000
88.0678024291992188 178.0604248046875000 1219.7528076171875000
88.5271606445312500 185.6760101318359375 1226.1149902343750000
88.9913330078125000 193.3714752197265625 1232.5438232421875000
89.4603958129882812 201.1480560302734375 1239.0405273437500000
89.9344329833984375 209.0070648193359375 1245.6059570312500000
90.4135208129882812 216.9497833251953125 1252.2414550781250000
84.9233932495117188 241.2420806884765625 1272.3051757812500000
78.3920745849609375 249.4774627685546875 1278.9523925781250000
71.4016418457031250 249.4235534667968750 1278.6760253906250000
64.4142227172851562 249.3696594238281250 1278.3996582031250000
57.4298210144042969 249.3157958984375000 1278.1235351562500000
50.4484367370605469 249.2619476318359375 1277.8475341796875000
43.4700698852539062 249.2081298828125000 1277.5716552734375000
36.4947128295898438 249.1543273925781250 1277.2957763671875000
29.5223693847656250 249.1005554199218750 1277.0201416015625000
22.5530338287353516 249.0468139648437500 1276.7446289062500000
15.5867042541503906 248.9930725097656250 1276.4691162109375000
8.6233816146850586 248.9393768310546875 1276.1938476562500000
1.6630610227584839 248.8856964111328125 1275.9187011718750000
-5.2942581176757812 248.8320312500000000 1275.6435546875000000
-26.2908058166503906 257.0175170898437500 1281.7702636718750000
-33.2739715576171875 256.9618225097656250 1281.4926757812500000
-40.2541122436523438 256.9061889648437500 1281.2150878906250000
-47.2312316894531250 256.8505859375000000 1280.9377441406250000
-54.2053298950195312 256.7949829101562500 1280.6605224609375000
-61.1764106750488281 256.7394104003906250 1280.3834228515625000
-68.1444778442382812 256.6838684082031250 1280.1064453125000000
-75.1095199584960938 256.6283569335937500 1279.8294677734375000
-82.0715637207031250 256.5728454589843750 1279.5527343750000000
-89.0305862426757812 256.5173950195312500 1279.2761230468750000
-95.9866027832031250 256.4619445800781250 1278.9995117187500000
-102.9396209716796875 256.4064941406250000 1278.7231445312500000
-109.8896255493164062 256.3511047363281250 1278.4468994140625000
-116.8366317749023438 256.2957153320312500 1278.1706542968750000
-123.7806320190429688 256.2403869628906250 1277.8946533203125000
-130.7216339111328125 256.1850585937500000 1277.6186523437500000
-137.6596374511718750 256.1297302246093750 1277.3428955078125000
-144.5946502685546875 256.0744628906250000 1277.0672607421875000
-151.5266723632812500 256.0191955566406250 1276.7916259765625000
-158.4557037353515625 255.9639739990234375 1276.5161132812500000
-165.3817443847656250 255.9087524414062500 1276.2408447265625000
-172.3047943115234375 255.8535766601562500 1275.9655761718750000
