-306.9308471679687500 34.1990547180175781 1087.2956542968750000
-305.5326232910156250 28.1405048370361328 1082.3425292968750000
-298.3232116699218750 22.1407718658447266 1077.6225585937500000
-291.1764221191406250 16.1931400299072266 1072.9436035156250000
-267.7167358398437500 -12.7824039459228516 1049.7878417968750000
-269.8194885253906250 -29.5611705780029297 1035.8806152343750000
-271.8672485351562500 -45.9011917114257812 1022.3369750976562500
-276.2084655761718750 -51.2476882934570312 1017.7888183593750000
-280.5112304687500000 -56.5468254089355469 1013.2809448242187500
-279.3200073242187500 -61.8093376159667969 1008.9779052734375000
-281.1942138671875000 -77.3195877075195312 996.1242675781250000
-280.0202026367187500 -82.4066390991210938 991.9653930664062500
-278.8559875488281250 -87.4513931274414062 987.8410644531250000
-280.6972045898437500 -102.3208694458007812 975.5170898437500000
-279.5494384765625000 -107.2008819580078125 971.5281372070312500
-278.4109802246093750 -112.0411529541015625 967.5717163085937500
-270.9696655273437500 -121.6232986450195312 959.9040527343750000
-264.7064208984375000 -126.3674468994140625 956.1897583007812500
-258.4914245605468750 -131.0750122070312500 952.5040893554687500
-243.9986877441406250 -126.4458618164062500 956.7831420898437500
-238.8177490234375000 -126.4654769897460938 956.9315795898437500
-233.6351928710937500 -126.4851074218750000 957.0800781250000000
-228.4510345458984375 -126.5047378540039062 957.2286376953125000
-223.2652587890625000 -126.5243759155273438 957.3771972656250000
-208.5389709472656250 -121.8508834838867188 961.7002563476562500
-203.3258666992187500 -121.8698883056640625 961.8502197265625000
-198.1111297607421875 -121.8889007568359375 962.0002441406250000
-192.8947753906250000 -121.9079132080078125 962.1503295898437500
-187.6767883300781250 -121.9269332885742188 962.3004760742187500
-182.4571685791015625 -121.9459609985351562 962.4506225585937500
-177.2359313964843750 -121.9649963378906250 962.6008300781250000
-172.0130462646484375 -121.9840316772460938 962.7510986328125000
-166.7885437011718750 -122.0030822753906250 962.9014282226562500
-150.4950256347656250 -126.7999496459960938 959.4624023437500000
-135.4072113037109375 -122.1174774169921875 963.8043212890625000
-119.2106628417968750 -126.9184188842773438 960.3588256835937500
-113.9909133911132812 -126.9381790161132812 960.5083618164062500
-108.7695388793945312 -126.9579544067382812 960.6580200195312500
-103.5465393066406250 -126.9777374267578125 960.8076782226562500
-98.3219146728515625 -126.9975204467773438 960.9573364257812500
-82.3052215576171875 -131.7669372558593750 957.5321655273437500
-77.4071197509765625 -127.0767211914062500 961.5566406250000000
-72.4676742553710938 -122.3469161987304688 965.6151123046875000
-72.7633895874023438 -117.5585327148437500 969.5555419921875000
-73.0615386962890625 -112.7309036254882812 973.5283203125000000
-73.3621368408203125 -107.8635559082031250 977.5336914062500000
-73.6652221679687500 -102.9559860229492188 981.5722045898437500
-73.9708175659179688 -98.0076980590820312 985.6442260742187500
-74.2789611816406250 -93.0181884765625000 989.7501831054687500
-74.5896835327148438 -87.9869308471679688 993.8905029296875000
-74.9030151367187500 -82.9134063720703125 998.0655517578125000
-70.3579330444335938 -67.4448623657226562 1010.9696655273437500
-70.6585922241210938 -62.1959991455078125 1015.2897949218750000
-70.9618301391601562 -56.9020843505859375 1019.6469726562500000
-71.2676773071289062 -51.5625343322753906 1024.0417480468750000
-71.8873596191406250 -40.7441482543945312 1032.9459228515625000
-72.2012557983398438 -35.2640991210937500 1037.4562988281250000
-72.5179061889648438 -29.7359809875488281 1042.0062255859375000
-72.8373489379882812 -24.1591587066650391 1046.5963134765625000
-73.1596221923828125 -18.5329895019531250 1051.2269287109375000
-73.4847488403320312 -12.8568115234375000 1055.8988037109375000
-73.8127899169921875 -7.1299567222595215 1060.6123046875000000
-74.1437683105468750 -1.3517436981201172 1065.3680419921875000
-74.4777221679687500 4.4785218238830566 1070.1667480468750000
-52.1072845458984375 28.3544769287109375 1090.5723876953125000
-46.1678085327148438 28.3594913482666016 1090.7652587890625000
-28.2072010040283203 22.3201732635498047 1086.3542480468750000
-16.4388847351074219 28.3845920562744141 1091.7307128906250000
-16.5147705078125000 34.4970626831054688 1096.7702636718750000
-16.5913581848144531 40.6662254333496094 1101.8566894531250000
-16.6686611175537109 46.8928794860839844 1106.9904785156250000
-16.7466869354248047 53.1778221130371094 1112.1722412109375000
-16.8254470825195312 59.5218849182128906 1117.4028320312500000
-16.9049510955810547 65.9259033203125000 1122.6828613281250000
-16.9852104187011719 72.3907241821289062 1128.0129394531250000
7.7754569053649902 98.9495620727539062 1150.7076416015625000
14.0536775588989258 98.9680252075195312 1150.9223632812500000
20.3342418670654297 98.9864959716796875 1151.1372070312500000
26.6171531677246094 99.0049743652343750 1151.3520507812500000
32.9024085998535156 99.0234603881835938 1151.5670166015625000
39.1900100708007812 99.0419540405273438 1151.7821044921875000
45.4799652099609375 99.0604553222656250 1151.9971923828125000
51.7722663879394531 99.0789642333984375 1152.2124023437500000
58.0669212341308594 99.0974731445312500 1152.4277343750000000
64.3639297485351562 99.1159973144531250 1152.6431884765625000
70.6632919311523438 99.1345214843750000 1152.8586425781250000
76.9650039672851562 99.1530609130859375 1153.0740966796875000
83.2690811157226562 99.1716003417968750 1153.2897949218750000
89.5755157470703125 99.1901473999023438 1153.5054931640625000
90.0125198364257812 105.9956130981445312 1159.1330566406250000
90.4538116455078125 112.8678054809570312 1164.8157958984375000
85.3403167724609375 133.8690490722656250 1181.9768066406250000
85.7669906616210938 141.0167236328125000 1187.8862304687500000
86.1979522705078125 148.2362060546875000 1193.8551025390625000
86.6332702636718750 155.5286254882812500 1199.8842773437500000
87.0730056762695312 162.8950653076171875 1205.9747314453125000
87.5172271728515625 170.3366699218750000 1212.1271972656250000
87.9660034179687500 177.8545989990234375 1218.3428955078125000
88.4194030761718750 185.4500122070312500 1224.6225585937500000
88.8775024414062500 193.1241455078125000 1230.9674072265625000
89.3403778076171875 200.8782043457031250 1237.3781738281250000
89.8080978393554688 208.7134552001953125 1243.8562011718750000
90.2807388305664062 216.6311798095703125 1250.4023437500000000
84.7828369140625000 240.8427734375000000 1270.1992187500000000
78.2578201293945312 249.0502166748046875 1276.7620849609375000
71.2800064086914062 248.9986572265625000 1276.4978027343750000
64.3050765991210938 248.9471282958984375 1276.2336425781250000
57.3330345153808594 248.8956298828125000 1275.9696044921875000
50.3638763427734375 248.8441467285156250 1275.7056884765625000
43.3976020812988281 248.7926788330078125 1275.4417724609375000
36.4342079162597656 248.7412414550781250 1275.1781005859375000
29.4736900329589844 248.6898193359375000 1274.9145507812500000
22.5160503387451172 248.6384277343750000 1274.6510009765625000
15.5612878799438477 248.5870513916015625 1274.3875732421875000
8.6093978881835938 248.5356903076171875 1274.1243896484375000
1.6603792905807495 248.4843597412109375 1273.8612060546875000
-5.2857689857482910 248.4330444335937500 1273.5981445312500000
-26.2476215362548828 256.5953369140625000 1279.6649169921875000
-33.2196197509765625 256.5421142578125000 1279.3994140625000000
-40.1887283325195312 256.4888916015625000 1279.1340332031250000
-47.1549453735351562 256.4357299804687500 1278.8687744140625000
-54.1182708740234375 256.3825683593750000 1278.6036376953125000
-61.0787124633789062 256.3294067382812500 1278.3386230468750000
-68.0362701416015625 256.2763061523437500 1278.0737304687500000
-74.9909439086914062 256.2232055664062500 1277.8089599609375000
-81.9427337646484375 256.1701049804687500 1277.5443115234375000
-88.8916473388671875 256.1170654296875000 1277.2796630859375000
-95.8376846313476562 256.0640258789062500 1277.0152587890625000
-102.7808456420898438 256.0110168457031250 1276.7508544921875000
-109.7211303710937500 255.9580383300781250 1276.4865722656250000
-116.6585388183593750 255.9050750732421875 1276.2224121093750000
-123.5930786132812500 255.8521270751953125 1275.9583740234375000
-130.5247497558593750 255.7991943359375000 1275.6944580078125000
-137.4535675048828125 255.7463073730468750 1275.4306640625000000
-159.0762023925781250 263.9552917480468750 1281.5148925781250000
-166.0306854248046875 263.9004516601562500 1281.2486572265625000
-172.9822845458984375 263.8456420898437500 1280.9825439453125000
-179.9309844970703125 263.7908630371093750 1280.7165527343750000
-186.8768157958984375 263.7360839843750000 1280.4506835937500000
-193.8197479248046875 263.6813354492187500 1280.1849365234375000
-227.2679443359375000 255.0605773925781250 1272.0108642578125000
-234.1567993164062500 255.0079803466796875 1271.7486572265625000
-241.0428161621093750 254.9554138183593750 1271.4864501953125000
-247.9259948730468750 254.9028625488281250 1271.2243652343750000
-254.8063354492187500 254.8503265380859375 1270.9624023437500000
-276.9107055664062500 263.0261535644531250 1277.0040283203125000
-283.8163146972656250 262.9717102050781250 1276.7396240234375000
-290.7190856933593750 262.9172973632812500 1276.4753417968750000
-297.6189880371093750 262.8628845214843750 1276.2111816406250000
-304.5160217285156250 262.8085021972656250 1275.9471435546875000
-332.0756835937500000 262.5911865234375000 1274.8922119140625000
-338.9584655761718750 262.5369262695312500 1274.6286621093750000
-345.8384094238281250 262.4826660156250000 1274.3652343750000000
-352.7155151367187500 262.4284362792968750 1274.1020507812500000
-359.5897827148437500 262.3742370605468750 1273.8388671875000000
-366.4612121582031250 262.3200683593750000 1273.5758056640625000
-373.3298034667968750 262.2658996582031250 1273.3128662109375000
-380.1955566406250000 262.2117614746093750 1273.0500488281250000
-387.0585021972656250 262.1576538085937500 1272.7873535156250000
-393.9185791015625000 262.1035461425781250 1272.5246582031250000
-400.7758178710937500 262.0494995117187500 1272.2622070312500000
-407.6302490234375000 261.9954528808593750 1271.9997558593750000
-412.2751159667968750 253.6480865478515625 1264.9666748046875000
-416.8688964843750000 245.3925170898437500 1258.0108642578125000
-419.2049560546875000 229.1970520019531250 1244.5772705078125000
-419.3183288574218750 205.5625915527343750 1225.0781250000000000
-417.1673278808593750 197.8611755371093750 1218.7938232421875000
-415.0382690429687500 190.2383728027343750 1212.5736083984375000
-412.9308471679687500 182.6929931640625000 1206.4165039062500000
-410.8447265625000000 175.2238464355468750 1200.3216552734375000
-402.3442077636718750 167.8622894287109375 1194.5194091796875000
-395.9063415527343750 167.8948211669921875 1194.7508544921875000
-389.4660034179687500 167.9273529052734375 1194.9822998046875000
-372.0020446777343750 175.4287109375000000 1201.7249755859375000
-365.5194396972656250 175.4628906250000000 1201.9592285156250000
-359.0343017578125000 175.4971008300781250 1202.1934814453125000
-352.5466613769531250 175.5313110351562500 1202.4278564453125000
-346.0564575195312500 175.5655364990234375 1202.6623535156250000
-312.1635131835937500 139.3526000976562500 1173.8681640625000000
-310.6287841796875000 132.2970428466796875 1168.0969238281250000
-312.3334045410156250 111.5197982788085938 1150.9041748046875000
-310.8277587890625000 104.7357864379882812 1145.3559570312500000
-312.4967956542968750 84.7550735473632812 1128.8212890625000000
-311.0191345214843750 78.2271728515625000 1123.4835205078125000
-312.6540222167968750 58.9981079101562500 1107.5699462890625000
-311.2033081054687500 52.7120437622070312 1102.4307861328125000
-309.7659912109375000 46.4840431213378906 1097.3392333984375000
-308.3418884277343750 40.3133087158203125 1092.2943115234375000
