-396.9639587402343750 15.8237447738647461 1426.4736328125000000
-395.3682556152343750 15.8159914016723633 1426.6201171875000000
-389.2710571289062500 15.7072114944458008 1427.1118164062500000
-387.7237854003906250 15.7033243179321289 1427.2569580078125000
-381.6566467285156250 15.7930498123168945 1427.9162597656250000
-380.0948486328125000 15.6413736343383789 1427.9359130859375000
-372.4185180664062500 15.4772195816040039 1428.5316162109375000
-364.9170837402343750 15.7711477279663086 1429.5037841796875000
-357.1496887207031250 15.4027709960937500 1429.9329833984375000
-349.4199523925781250 15.1361331939697266 1430.4459228515625000
-341.7246093750000000 14.9710788726806641 1431.0427246093750000
-334.0072021484375000 14.7550020217895508 1431.5979003906250000
-326.2979736328125000 9.5748481750488281 1427.8920898437500000
-318.5887145996093750 4.3946938514709473 1424.1861572265625000
-317.2271423339843750 3.4797914028167725 1423.5316162109375000
-315.3833312988281250 -5.4617400169372559 1416.0347900390625000
-318.0499877929687500 -12.6475448608398438 1409.6119384765625000
-320.7166137695312500 -19.8333492279052734 1403.1890869140625000
-321.1419677734375000 -20.9795417785644531 1402.1645507812500000
-317.6113586425781250 -34.4800643920898438 1390.9169921875000000
-314.6172485351562500 -46.3669357299804688 1381.0028076171875000
-312.0214538574218750 -57.0531196594238281 1372.0809326171875000
-318.7727966308593750 -68.6099243164062500 1361.5147705078125000
-315.4079589843750000 -81.0138473510742188 1351.1923828125000000
-312.6778869628906250 -91.6381378173828125 1342.3364257812500000
-319.4292907714843750 -102.6456832885742188 1332.2416992187500000
-316.3209228515625000 -113.8797073364257812 1322.8988037109375000
-313.0603637695312500 -125.4196853637695312 1313.3078613281250000
-314.2994384765625000 -132.2404022216796875 1307.3353271484375000
-311.0015563964843750 -137.1337127685546875 1303.4523925781250000
-304.5603027343750000 -139.1192779541015625 1302.3664550781250000
-296.6153564453125000 -138.4667053222656250 1303.6888427734375000
-290.1679382324218750 -137.1239929199218750 1305.4599609375000000
-284.5711975097656250 -136.4496459960937500 1306.5756835937500000
-277.5922241210937500 -136.3069000244140625 1307.3679199218750000
-276.4878845214843750 -136.3845977783203125 1307.4072265625000000
-269.2739868164062500 -137.0737762451171875 1307.5080566406250000
-262.2919616699218750 -137.0578460693359375 1308.1917724609375000
-255.3012542724609375 -137.0423431396484375 1308.8758544921875000
-248.1989593505859375 -137.3791809082031250 1309.2684326171875000
-241.1582794189453125 -137.4961853027343750 1309.8436279296875000
-232.5641174316406250 -141.7544555664062500 1307.0137939453125000
-223.9699707031250000 -146.0127258300781250 1304.1839599609375000
-219.4906921386718750 -148.2321472167968750 1302.7091064453125000
-218.0504760742187500 -156.8140869140625000 1295.4821777343750000
-216.6156005859375000 -165.3304595947265625 1288.3110351562500000
-215.1333770751953125 -173.9912414550781250 1281.0203857421875000
-214.0458526611328125 -181.0410766601562500 1275.0744628906250000
-212.8256530761718750 -188.5832672119140625 1268.7187500000000000
-215.6722106933593750 -195.7211608886718750 1262.3197021484375000
-218.5187530517578125 -202.8590698242187500 1255.9206542968750000
-218.6749572753906250 -203.2507476806640625 1255.5695800781250000
-216.7559814453125000 -213.0709533691406250 1247.3259277343750000
-215.2361450195312500 -221.3771057128906250 1240.3432617187500000
-213.5591888427734375 -230.2016601562500000 1232.9307861328125000
-216.2576751708984375 -237.3791961669921875 1226.5119628906250000
-218.9561614990234375 -244.5567169189453125 1220.0931396484375000
-219.1142578125000000 -244.9772186279296875 1219.7171630859375000
-217.3546600341796875 -253.6852264404296875 1212.4125976562500000
-215.8939208984375000 -261.3422241210937500 1205.9814453125000000
-214.5057067871093750 -268.7128906250000000 1199.7890625000000000
-213.1000518798828125 -276.0964050292968750 1193.5872802734375000
-219.1292572021484375 -288.4075622558593750 1182.4431152343750000
-210.6866302490234375 -300.4486999511718750 1172.9193115234375000
-209.6535949707031250 -300.9565124511718750 1172.5826416015625000
-204.0296325683593750 -301.4841613769531250 1172.6695556640625000
-197.9426422119140625 -300.6075439453125000 1174.0059814453125000
-191.0687561035156250 -299.9010009765625000 1175.2719726562500000
-184.6317901611328125 -300.3446350097656250 1175.5089111328125000
-178.3494262695312500 -300.1583557128906250 1176.2717285156250000
-172.5411987304687500 -300.1670837402343750 1176.8215332031250000
-172.0050506591796875 -300.1825561523437500 1176.8597412109375000
-166.0786743164062500 -300.4393005371093750 1177.2081298828125000
-159.6686401367187500 -300.4348449707031250 1177.8270263671875000
-153.1503906250000000 -300.9839172363281250 1177.9813232421875000
-146.5892486572265625 -301.8434448242187500 1177.8732910156250000
-140.0758666992187500 -302.4950866699218750 1177.9390869140625000
-133.4466400146484375 -304.1118774414062500 1177.1877441406250000
-127.2310791015625000 -301.4067077636718750 1180.1058349609375000
-121.1559143066406250 -297.5214538574218750 1184.0231933593750000
-121.3800811767578125 -294.5970153808593750 1186.5114746093750000
-121.8581466674804688 -289.1168518066406250 1191.1688232421875000
-122.3173141479492188 -283.8218688964843750 1195.6689453125000000
-122.7966690063476562 -278.3181152343750000 1200.3463134765625000
-117.3075103759765625 -266.5388488769531250 1210.9822998046875000
-117.7207183837890625 -261.5103149414062500 1215.2581787109375000
-118.1011581420898438 -256.8713073730468750 1219.2028808593750000
-118.5552291870117188 -251.3551330566406250 1223.8934326171875000
-119.0083923339843750 -245.8490753173828125 1228.5753173828125000
-119.4829940795898438 -240.0867462158203125 1233.4750976562500000
-119.8793334960937500 -235.2562408447265625 1237.5826416015625000
-120.3387908935546875 -229.6729431152343750 1242.3302001953125000
-120.7315216064453125 -224.8844757080078125 1246.4020996093750000
-121.2147216796875000 -219.0168304443359375 1251.3914794921875000
-121.6904373168945312 -213.2376098632812500 1256.3056640625000000
-122.1181182861328125 -208.0306701660156250 1260.7332763671875000
-122.5575485229492188 -202.6829833984375000 1265.2805175781250000
-122.9987335205078125 -197.3138580322265625 1269.8460693359375000
-123.5172958374023438 -191.0205841064453125 1275.1972656250000000
-124.0629730224609375 -184.4025878906250000 1280.8245849609375000
-124.5560760498046875 -178.4114532470703125 1285.9189453125000000
-118.5015029907226562 -165.8760986328125000 1297.2580566406250000
-118.8219451904296875 -161.9825744628906250 1300.5687255859375000
-119.2769927978515625 -156.1907958984375000 1305.4957275390625000
-119.7793960571289062 -149.7357025146484375 1310.9873046875000000
-120.7823257446289062 -137.4788360595703125 1321.4101562500000000
-120.8755722045898438 -135.5566101074218750 1323.0509033203125000
-121.1539535522460938 -132.8696136474609375 1325.3302001953125000
-121.6900177001953125 -125.9578399658203125 1331.2105712890625000
-122.1657104492187500 -119.8964462280273438 1336.3668212890625000
-122.6788024902343750 -113.3158874511718750 1341.9652099609375000
-123.1429519653320312 -107.4235839843750000 1346.9775390625000000
-123.6676025390625000 -100.6903915405273438 1352.7056884765625000
-124.1557083129882812 -94.4713439941406250 1357.9960937500000000
-124.6989288330078125 -87.4883728027343750 1363.9368896484375000
-117.8367156982421875 -77.7698974609375000 1372.9359130859375000
-118.1972045898437500 -73.3402709960937500 1376.7028808593750000
-118.6247100830078125 -67.7978591918945312 1381.4184570312500000
-119.0450515747070312 -62.3796539306640625 1386.0281982421875000
-119.4636764526367188 -56.9945449829101562 1390.6094970703125000
-119.9292602539062500 -50.8396224975585938 1395.8471679687500000
-120.3967514038085938 -44.6613693237304688 1401.1044921875000000
-120.8369598388671875 -38.9389495849609375 1405.9733886718750000
-121.3521652221679688 -31.9937133789062500 1411.8843994140625000
-121.8611373901367188 -25.1613311767578125 1417.6992187500000000
-122.3816146850585938 -18.1514644622802734 1423.6652832031250000
-122.9259185791015625 -10.7645692825317383 1429.9526367187500000
-115.6301879882812500 0.7240231633186340 1440.5124511718750000
-100.7477188110351562 8.7280960083007812 1448.8098144531250000
-92.8739852905273438 8.5036630630493164 1449.3728027343750000
-85.0009689331054688 8.8255481719970703 1450.4045410156250000
-76.7249145507812500 7.7664332389831543 1450.2897949218750000
-68.7963943481445312 7.3904151916503906 1450.7279052734375000
-61.3541221618652344 7.3067750930786133 1451.3703613281250000
-52.9632186889648438 5.9979853630065918 1451.0522460937500000
-45.0298652648925781 5.8684787750244141 1451.7025146484375000
-35.2291793823242188 3.9967768192291260 1451.0366210937500000
-25.4284954071044922 2.1250746250152588 1450.3708496093750000
-15.6278104782104492 0.2533724904060364 1449.7049560546875000
-13.7469844818115234 -0.1058214902877808 1449.5772705078125000
-5.1815199851989746 -2.0307698249816895 1448.7471923828125000
2.7835094928741455 -1.9181787967681885 1449.6081542968750000
10.7283849716186523 -2.0498020648956299 1450.2575683593750000
18.7191448211669922 -1.8893972635269165 1451.1621093750000000
26.6562671661376953 -2.1677551269531250 1451.6848144531250000
34.5564193725585938 -2.6895298957824707 1451.9952392578125000
42.4784240722656250 -3.0652389526367188 1452.4329833984375000
50.2578201293945312 -4.2187294960021973 1452.1895751953125000
58.1806068420410156 -4.5454416275024414 1452.6694335937500000
66.1444702148437500 -4.6779651641845703 1453.3199462890625000
73.9872665405273438 -5.3931565284729004 1453.4587402343750000
81.8335494995117188 -6.0594787597656250 1453.6398925781250000
89.8709640502929688 -5.9012866020202637 1454.5469970703125000
97.7499618530273438 -6.4220576286315918 1454.8560791015625000
105.5494308471679688 -7.2332620620727539 1454.9083251953125000
113.5511932373046875 -7.2695155143737793 1455.6451416015625000
121.4639816284179688 -7.6447873115539551 1456.0823974609375000
129.1760253906250000 -8.6970157623291016 1455.9194335937500000
137.0514678955078125 -9.1685838699340820 1456.2705078125000000
144.8167572021484375 -9.9781675338745117 1456.3209228515625000
152.2849121093750000 -11.6562719345092773 1455.5974121093750000
159.7897949218750000 -13.1399822235107422 1455.0441894531250000
167.5766448974609375 -13.7544507980346680 1455.2641601562500000
167.5779724121093750 -8.1131620407104492 1460.1057128906250000
168.6321258544921875 0.5710691809654236 1467.6597900390625000
169.7328796386718750 9.4557800292968750 1475.3903808593750000
170.1173553466796875 16.3169155120849609 1481.3156738281250000
170.8548736572265625 24.2522640228271484 1488.1966552734375000
171.1834869384765625 31.0264186859130859 1494.0418701171875000
171.7123718261718750 38.4322433471679688 1500.4483642578125000
172.9459686279296875 48.0035209655761719 1508.7810058593750000
164.9423828125000000 54.7541007995605469 1513.8063964843750000
155.5101318359375000 52.7353553771972656 1511.1687011718750000
146.0778808593750000 50.7166099548339844 1508.5311279296875000
140.3774566650390625 49.4965705871582031 1506.9370117187500000
132.0699462890625000 49.2720031738281250 1505.9470214843750000
124.0608367919921875 50.1157608032226562 1505.9025878906250000
116.0941619873046875 51.1636924743652344 1506.0374755859375000
110.4259643554687500 57.6764183044433594 1511.0828857421875000
104.7577590942382812 64.1891403198242188 1516.1281738281250000
101.9279708862304688 67.4405517578125000 1518.6470947265625000
93.3630599975585938 66.4465103149414062 1516.9720458984375000
85.0336227416992188 66.4266586303710938 1516.1557617187500000
76.5788497924804688 65.7385635375976562 1514.7537841796875000
68.1566314697265625 65.1007843017578125 1513.3983154296875000
59.6915359497070312 64.1020202636718750 1511.7287597656250000
51.2644195556640625 63.1533050537109375 1510.1058349609375000
42.8817901611328125 62.3062057495117188 1508.5744628906250000
34.6163635253906250 62.0758781433105469 1507.5836181640625000
26.2934112548828125 61.3296699523925781 1506.1445312500000000
17.9617710113525391 60.3245697021484375 1504.4824218750000000
9.8325347900390625 60.8138275146484375 1504.1221923828125000
1.6360071897506714 60.6839523315429688 1503.2241210937500000
-6.5643234252929688 60.3986740112304688 1502.1923828125000000
-22.3679714202880859 67.3714447021484375 1506.6600341796875000
-32.0188789367675781 69.7438201904296875 1507.7698974609375000
-41.6697845458984375 72.1161956787109375 1508.8797607421875000
-47.3326835632324219 73.5082473754882812 1509.5310058593750000
-55.5441665649414062 73.4281158447265625 1508.6741943359375000
-63.7819633483886719 71.5752868652343750 1506.2935791015625000
-71.9642944335937500 70.6068038940429688 1504.6772460937500000
-80.1184082031250000 69.6369781494140625 1503.0623779296875000
-88.2482757568359375 69.0312347412109375 1501.7623291015625000
-96.3641891479492188 68.7378692626953125 1500.7318115234375000
-104.4659957885742188 68.4438323974609375 1499.7019042968750000
-112.5054321289062500 66.9990005493164062 1497.6905517578125000
-120.5670928955078125 66.7030639648437500 1496.6628417968750000
-128.6539916992187500 67.0344161987304688 1496.1712646484375000
-136.7436370849609375 67.4180755615234375 1495.7241210937500000
-144.7329101562500000 66.5969619750976562 1494.2528076171875000
-152.7904357910156250 66.7703933715820312 1493.6284179687500000
-160.8872222900390625 67.3630905151367188 1493.3601074218750000
-167.7855834960937500 73.1708602905273438 1497.6823730468750000
-174.6839447021484375 78.9786224365234375 1502.0047607421875000
-178.5987701416015625 82.2745285034179688 1504.4576416015625000
-193.6018676757812500 73.7480621337890625 1495.7004394531250000
-201.5660400390625000 73.3909301757812500 1494.6296386718750000
-218.4501800537109375 78.3907699584960938 1497.3002929687500000
-222.9090576171875000 85.3901824951171875 1502.8793945312500000
-227.3679504394531250 92.3896026611328125 1508.4586181640625000
-229.7937316894531250 96.1975250244140625 1511.4937744140625000
-231.5531921386718750 88.8114395141601562 1504.9860839843750000
-233.3126525878906250 81.4253616333007812 1498.4783935546875000
-234.3065185546875000 77.2531814575195312 1494.8023681640625000
-242.6923980712890625 73.5429687500000000 1490.8134765625000000
-251.0782928466796875 69.8327636718750000 1486.8245849609375000
-256.7608032226562500 67.3186264038085938 1484.1215820312500000
-265.1317749023437500 71.8410949707031250 1487.1995849609375000
-273.5027770996093750 76.3635559082031250 1490.2774658203125000
-274.1806335449218750 76.7297744750976562 1490.5267333984375000
-289.4715881347656250 74.3056411743164062 1486.9790039062500000
-297.4503784179687500 74.4740829467773438 1486.3579101562500000
-305.0438232421875000 73.3120422363281250 1484.6319580078125000
-313.0950317382812500 73.7988586425781250 1484.2770996093750000
-315.0491027832031250 81.3330001831054688 1490.5554199218750000
-317.0032043457031250 88.8671417236328125 1496.8338623046875000
-318.9572753906250000 96.4012756347656250 1503.1123046875000000
-320.3042907714843750 101.5948562622070312 1507.4401855468750000
-327.1042480468750000 97.2179107666015625 1503.0312500000000000
-332.6083679199218750 91.1506271362304688 1497.2961425781250000
-338.1124877929687500 85.0833511352539062 1491.5609130859375000
-343.6166076660156250 79.0160675048828125 1485.8256835937500000
-345.6626892089843750 76.7606048583984375 1483.6936035156250000
-353.2357482910156250 75.8075485229492188 1482.1489257812500000
-360.9720153808593750 75.3871154785156250 1481.0457763671875000
-368.5941162109375000 74.6988296508789062 1479.7236328125000000
-376.3554992675781250 74.4370574951171875 1478.7541503906250000
-383.8145446777343750 73.4261016845703125 1477.1707763671875000
-391.3726501464843750 72.7347793579101562 1475.8521728515625000
-399.7669982910156250 77.2307891845703125 1478.9051513671875000
-408.1613464355468750 81.7267913818359375 1481.9581298828125000
-409.4788513183593750 82.4324417114257812 1482.4372558593750000
-416.8992614746093750 81.4114913940429688 1480.8489990234375000
-423.0609130859375000 75.7365570068359375 1475.3874511718750000
-429.2225646972656250 70.0616302490234375 1469.9257812500000000
-430.3974914550781250 68.9795227050781250 1468.8843994140625000
-427.0364379882812500 57.7287788391113281 1459.5513916015625000
-434.0592346191406250 48.6666526794433594 1451.1000976562500000
-429.7917175292968750 35.7493782043457031 1440.4238281250000000
-426.9908752441406250 26.0384197235107422 1432.3585205078125000
-428.5705261230468750 14.3860483169555664 1422.2066650390625000
-426.3002014160156250 13.3910579681396484 1421.5706787109375000
-423.9029846191406250 12.0717039108276367 1420.6684570312500000
-416.7515258789062500 12.8819923400878906 1422.0500488281250000
-409.9690246582031250 14.5593738555908203 1424.1405029296875000
-404.3124084472656250 15.1790084838867188 1425.2150878906250000
-402.6905212402343750 15.2137088775634766 1425.4005126953125000
-396.9639587402343750 15.8237447738647461 1426.4736328125000000
