-423.9275817871093750 11.8368740081787109 1420.9389648437500000
-416.7528076171875000 12.5985307693481445 1422.2774658203125000
-409.9952697753906250 14.3295841217041016 1424.4093017578125000
-402.7170715332031250 14.9863977432250977 1425.6674804687500000
-396.9750976562500000 15.5543603897094727 1426.7028808593750000
-395.3950805664062500 15.5911588668823242 1426.8851318359375000
-389.2392272949218750 15.3389034271240234 1427.2550048828125000
-381.5841979980468750 15.3259439468383789 1427.9735107421875000
-380.0788574218750000 15.3194131851196289 1428.1113281250000000
-373.9830017089843750 15.4645395278930664 1428.8171386718750000
-372.4646911621093750 15.3105754852294922 1428.8294677734375000
-366.3908996582031250 15.6532354354858398 1429.7028808593750000
-364.9427490234375000 15.5560131072998047 1429.7573242187500000
-357.2330017089843750 15.3427276611328125 1430.3089599609375000
-349.5954895019531250 15.3327903747558594 1431.0283203125000000
-341.8220825195312500 14.9665460586547852 1431.4544677734375000
-334.0486450195312500 14.6003007888793945 1431.8806152343750000
-326.3383789062500000 9.4261026382446289 1428.1685791015625000
-318.6280822753906250 4.2519044876098633 1424.4565429687500000
-317.2696838378906250 3.3403065204620361 1423.8026123046875000
-315.3742980957031250 -5.7460832595825195 1416.1739501953125000
-318.1043395996093750 -12.9117784500122070 1409.7552490234375000
-320.8343811035156250 -20.0774726867675781 1403.3365478515625000
-321.2058105468750000 -21.0523509979248047 1402.4633789062500000
-317.6177062988281250 -34.6954498291015625 1391.0798339843750000
-314.6188049316406250 -46.5780105590820312 1381.1533203125000000
-312.0192260742187500 -57.2597618103027344 1372.2208251953125000
-318.7960510253906250 -68.7543716430664062 1361.6959228515625000
-315.4427795410156250 -81.1081619262695312 1351.3981933593750000
-312.6561889648437500 -91.8683166503906250 1342.4160156250000000
-319.4331970214843750 -102.8144607543945312 1332.3625488281250000
-316.2303161621093750 -114.2708663940429688 1322.8217773437500000
-313.0891418457031250 -125.4919128417968750 1313.4772949218750000
-314.3053283691406250 -132.3839263916015625 1307.4381103515625000
-311.1020507812500000 -137.0203857421875000 1303.7586669921875000
-304.5417175292968750 -139.3067321777343750 1302.4189453125000000
-296.5749206542968750 -138.7030029296875000 1303.6971435546875000
-290.1950988769531250 -137.1808319091796875 1305.6135253906250000
-284.5894775390625000 -136.5414428710937500 1306.6972656250000000
-277.6556701660156250 -136.2649383544921875 1307.5958251953125000
-269.3135681152343750 -137.0796813964843750 1307.6906738281250000
-262.3023071289062500 -137.1496276855468750 1308.2988281250000000
-255.3652648925781250 -136.9556732177734375 1309.1267089843750000
-248.2989807128906250 -137.1584014892578125 1309.6259765625000000
-241.2046966552734375 -137.4492492675781250 1310.0522460937500000
-232.6260833740234375 -141.7221984863281250 1307.1975097656250000
-224.0474700927734375 -145.9951477050781250 1304.3427734375000000
-219.5185699462890625 -148.2509613037109375 1302.8356933593750000
-218.0648345947265625 -156.8725891113281250 1295.5644531250000000
-216.6058349609375000 -165.4704132080078125 1288.3142089843750000
-215.1946258544921875 -173.8334197998046875 1281.2612304687500000
-214.0738830566406250 -181.0062561035156250 1275.2034912109375000
-212.8621215820312500 -188.5043334960937500 1268.8747558593750000
-215.6217498779296875 -195.6622009277343750 1262.4599609375000000
-218.3813934326171875 -202.8200531005859375 1256.0451660156250000
-218.6351470947265625 -203.4782104492187500 1255.4553222656250000
-216.7658691406250000 -213.0958251953125000 1247.3677978515625000
-215.2644500732421875 -221.3204040527343750 1240.4422607421875000
-213.5723114013671875 -230.1826934814453125 1232.9869384765625000
-216.2880401611328125 -237.3521575927734375 1226.5664062500000000
-219.0037689208984375 -244.5216064453125000 1220.1458740234375000
-219.1485137939453125 -244.9037475585937500 1219.8035888671875000
-217.3504180908203125 -253.7236022949218750 1212.3948974609375000
-215.9090576171875000 -261.3033142089843750 1206.0179443359375000
-214.6080017089843750 -268.3756713867187500 1200.0635986328125000
-213.1540832519531250 -275.9066467285156250 1193.7298583984375000
-219.1274414062500000 -288.4181213378906250 1182.4075927734375000
-210.6936340332031250 -300.4156494140625000 1172.9002685546875000
-209.6077880859375000 -301.0720520019531250 1172.4395751953125000
-204.1088409423828125 -301.2061157226562500 1172.8485107421875000
-203.3441467285156250 -301.0209960937500000 1173.0804443359375000
-197.9993591308593750 -300.3962707519531250 1174.1268310546875000
-191.0404205322265625 -299.9737243652343750 1175.1533203125000000
-184.6401519775390625 -300.2752685546875000 1175.5041503906250000
-178.3658752441406250 -300.0516357421875000 1176.2943115234375000
-172.5405883789062500 -300.1550598144531250 1176.7607421875000000
-171.9889068603515625 -300.2136230468750000 1176.7629394531250000
-166.1146087646484375 -300.2520141601562500 1177.2897949218750000
-165.6222076416015625 -300.3059082031250000 1177.2905273437500000
-159.7091064453125000 -300.2107849121093750 1177.9357910156250000
-159.2828826904296875 -300.2238159179687500 1177.9652099609375000
-153.1624603271484375 -300.8965454101562500 1177.9704589843750000
-146.5994415283203125 -301.7546081542968750 1177.8585205078125000
-140.0793762207031250 -302.4391479492187500 1177.8916015625000000
-133.4613952636718750 -303.9515380859375000 1177.2226562500000000
-127.2650604248046875 -301.0400085449218750 1180.3154296875000000
-121.1692810058593750 -297.2948303222656250 1184.1152343750000000
-121.3582916259765625 -294.6929016113281250 1186.3334960937500000
-121.8511810302734375 -289.0743713378906250 1191.1152343750000000
-122.3286743164062500 -283.6026611328125000 1195.7723388671875000
-122.7976913452148438 -278.2098083496093750 1200.3625488281250000
-117.2571487426757812 -267.1226501464843750 1210.4193115234375000
-117.7105178833007812 -261.6229248046875000 1215.1027832031250000
-118.1184921264648438 -256.6540222167968750 1219.3344726562500000
-118.5696716308593750 -251.1775207519531250 1223.9981689453125000
-119.0133590698242188 -245.7876739501953125 1228.5881347656250000
-119.4883880615234375 -240.0286407470703125 1233.4924316406250000
-119.8871688842773438 -235.1635894775390625 1237.6356201171875000
-120.3368301391601562 -229.7000579833984375 1242.2883300781250000
-120.7152175903320312 -225.0729522705078125 1246.2290039062500000
-121.2120742797851562 -219.0527191162109375 1251.3557128906250000
-121.6811752319335938 -213.3572692871093750 1256.2058105468750000
-122.0911636352539062 -208.3560791015625000 1260.4649658203125000
-122.5436935424804688 -202.8534240722656250 1265.1511230468750000
-123.0050964355468750 -197.2453460693359375 1269.9268798828125000
-123.5103759765625000 -191.1194458007812500 1275.1436767578125000
-124.0534286499023438 -184.5471038818359375 1280.7403564453125000
-124.5536651611328125 -178.4776153564453125 1285.9090576171875000
-118.5320053100585938 -165.6834716796875000 1297.4788818359375000
-118.8833160400390625 -161.3320007324218750 1301.1851806640625000
-119.3354034423828125 -155.5818634033203125 1306.0839843750000000
-119.8293609619140625 -149.2539825439453125 1311.4753417968750000
-120.7790832519531250 -137.6548309326171875 1321.3536376953125000
-120.8469543457031250 -136.1992034912109375 1322.5981445312500000
-121.1488952636718750 -133.0516052246093750 1325.2745361328125000
-121.7143859863281250 -125.7472763061523438 1331.4982910156250000
-122.1867523193359375 -119.7330017089843750 1336.6221923828125000
-122.6969757080078125 -113.2000274658203125 1342.1883544921875000
-123.1476058959960938 -107.4916152954101562 1347.0513916015625000
-123.6593551635742188 -100.9445648193359375 1352.6293945312500000
-124.1803665161132812 -94.2738952636718750 1358.3128662109375000
-124.7141494750976562 -87.4316482543945312 1364.1424560546875000
-117.8747558593750000 -77.5641403198242188 1373.2749023437500000
-118.2162704467773438 -73.4143676757812500 1376.8088378906250000
-118.6397552490234375 -67.9234237670898438 1381.4875488281250000
-119.0530319213867188 -62.6040496826171875 1386.0198974609375000
-119.4730987548828125 -57.1781120300292969 1390.6430664062500000
-119.9438018798828125 -50.9342079162597656 1395.9644775390625000
-120.4194412231445312 -44.6181335449218750 1401.3475341796875000
-120.8556289672851562 -38.9478874206542969 1406.1791992187500000
-121.3648910522460938 -32.1033897399902344 1412.0130615234375000
-121.8887634277343750 -25.0331611633300781 1418.0395507812500000
-122.4001998901367188 -18.1733016967773438 1423.8864746093750000
-122.9263992309570312 -11.0858249664306641 1429.9276123046875000
-115.6695861816406250 0.8072611093521118 1440.8406982421875000
-100.7730407714843750 8.9006748199462891 1449.2163085937500000
-92.8984222412109375 8.8276968002319336 1449.9041748046875000
-84.6805419921875000 8.7196598052978516 1450.5946044921875000
-76.7462692260742188 7.6054544448852539 1450.3931884765625000
-68.8162612915039062 7.3305501937866211 1450.9128417968750000
-61.3739662170410156 6.9450435638427734 1451.2907714843750000
-52.9802017211914062 5.9427695274353027 1451.2294921875000000
-45.0365753173828125 6.0127353668212891 1452.0467529296875000
-35.2393875122070312 4.1295642852783203 1451.3620605468750000
-25.4421997070312500 2.2463929653167725 1450.6773681640625000
-15.6450119018554688 0.3632217645645142 1449.9926757812500000
-13.7409305572509766 -0.0027721284423023 1449.8596191406250000
-5.2081437110900879 -2.2128336429595947 1448.7734375000000000
2.7615921497344971 -2.0488302707672119 1449.6740722656250000
10.7247915267944336 -2.0316548347473145 1450.4477539062500000
18.6832733154296875 -2.1123471260070801 1451.1369628906250000
26.6337795257568359 -2.2907543182373047 1451.7414550781250000
34.5652732849121094 -2.6154010295867920 1452.2183837890625000
42.4895210266113281 -2.9887518882751465 1452.6528320312500000
50.2541122436523438 -4.2373933792114258 1452.3198242187500000
58.1685981750488281 -4.6102838516235352 1452.7536621093750000
66.1428146362304688 -4.6917176246643066 1453.4437255859375000
73.9555740356445312 -5.5502676963806152 1453.4504394531250000
81.8458099365234375 -6.0201063156127930 1453.7987060546875000
89.8612823486328125 -5.9563479423522949 1454.6175537109375000
97.7531433105468750 -6.4262633323669434 1454.9658203125000000
105.5541610717773438 -7.2352147102355957 1455.0141601562500000
113.5699844360351562 -7.2205185890197754 1455.7907714843750000
121.4432144165039062 -7.7386007308959961 1456.0959472656250000
129.1130523681640625 -8.9337329864501953 1455.7998046875000000
137.0018463134765625 -9.3544578552246094 1456.1901855468750000
144.7818908691406250 -10.1133766174316406 1456.2794189453125000
152.2825775146484375 -11.6928997039794922 1455.6368408203125000
159.8549194335937500 -12.9815292358398438 1455.2510986328125000
167.5427093505859375 -13.8832359313964844 1455.2088623046875000
167.4946289062500000 -8.3936023712158203 1459.9222412109375000
168.6156005859375000 0.4802768528461456 1467.6557617187500000
169.6135559082031250 9.0652551651000977 1475.1291503906250000
169.9818572998046875 15.8696193695068359 1481.0122070312500000
170.7361450195312500 23.8475131988525391 1487.9405517578125000
171.1667785644531250 30.9150695800781250 1494.0557861328125000
171.7800903320312500 38.5677833557128906 1500.6912841796875000
173.1297149658203125 48.4912223815917969 1509.3485107421875000
165.1691436767578125 55.3908843994140625 1514.5196533203125000
155.8036651611328125 53.2237091064453125 1511.7644042968750000
146.4381866455078125 51.0565376281738281 1509.0092773437500000
140.4470367431640625 49.6701812744140625 1507.2467041015625000
132.0944061279296875 49.2903976440429688 1506.1241455078125000
124.0561218261718750 50.0300025939941406 1505.9936523437500000
116.0752716064453125 51.0246772766113281 1506.0878906250000000
107.8570556640625000 51.1025505065917969 1505.3714599609375000
100.0988388061523438 56.2342414855957031 1509.0424804687500000
92.3406143188476562 61.3659324645996094 1512.7133789062500000
84.9988021850585938 66.2221908569335938 1516.1872558593750000
76.5658798217773438 65.6340103149414062 1514.8779296875000000
68.2216567993164062 65.4047317504882812 1513.8856201171875000
59.6976242065429688 64.0946884155273438 1511.9472656250000000
51.2266731262207031 62.8858795166015625 1510.1009521484375000
42.8703346252441406 62.1903533935546875 1508.7067871093750000
34.5972213745117188 61.9058532714843750 1507.6737060546875000
26.2891292572021484 61.2599220275878906 1506.3266601562500000
17.9574489593505859 60.2520294189453125 1504.6663818359375000
9.8091745376586914 60.5840644836425781 1504.1750488281250000
1.6081367731094360 60.3999061584472656 1503.2351074218750000
-6.5664386749267578 60.3701057434082031 1502.4304199218750000
-22.4048862457275391 66.9774475097656250 1506.5993652343750000
-39.0891647338867188 74.2223434448242188 1511.2357177734375000
-47.3503684997558594 73.3592071533203125 1509.7065429687500000
-55.5636672973632812 73.2243499755859375 1508.8077392578125000
-63.7987213134765625 71.4207077026367188 1506.4727783203125000
-71.9805831909179688 70.4494628906250000 1504.8581542968750000
-80.1346206665039062 69.7900009155273438 1503.5142822265625000
-88.2645339965820312 68.9206771850585938 1501.9921875000000000
-96.3799133300781250 68.5724868774414062 1500.9194335937500000
-104.4851837158203125 68.3803634643554688 1499.9818115234375000
-112.5270843505859375 66.9850692749023438 1498.0161132812500000
-120.5737686157226562 66.3727340698242188 1496.7229003906250000
-125.3638458251953125 73.2505035400390625 1502.1773681640625000
-130.1539306640625000 80.1282806396484375 1507.6318359375000000
-134.9440002441406250 87.0060501098632812 1513.0863037109375000
-138.6462860107421875 92.3219146728515625 1517.3021240234375000
-154.9731292724609375 90.2038955688476562 1513.9256591796875000
-163.2545471191406250 90.6990661621093750 1513.5618896484375000
-171.5805511474609375 91.5638046264648438 1513.5115966796875000
-178.6685180664062500 82.4485473632812500 1505.0019531250000000
-193.6575775146484375 73.8105316162109375 1496.1494140625000000
-201.6080322265625000 73.3451919555664062 1494.9916992187500000
-218.5559997558593750 78.6583175659179688 1497.9426269531250000
-223.0262298583984375 85.6485137939453125 1503.5242919921875000
-227.4964599609375000 92.6387100219726562 1509.1058349609375000
-229.9093322753906250 96.4117889404296875 1512.1186523437500000
-239.3257141113281250 94.3552169799804688 1509.4536132812500000
-248.7420959472656250 92.2986450195312500 1506.7885742187500000
-253.4367828369140625 91.2733078002929688 1505.4599609375000000
-261.5860900878906250 91.2897872924804688 1504.6973876953125000
-268.8227539062500000 87.4835891723632812 1500.7364501953125000
-276.1660766601562500 82.6974258422851562 1495.9230957031250000
-283.5093994140625000 77.9112625122070312 1491.1097412109375000
-289.4789123535156250 74.0205154418945312 1487.1968994140625000
-297.3986206054687500 73.9736862182617188 1486.4017333984375000
-305.1415405273437500 73.3410797119140625 1485.1201171875000000
-309.0309448242187500 80.5078735351562500 1490.9088134765625000
-312.9203796386718750 87.6746749877929688 1496.6975097656250000
-316.8097839355468750 94.8414764404296875 1502.4863281250000000
-320.3425598144531250 101.3510894775390625 1507.7441406250000000
-327.5327148437500000 98.2572479248046875 1504.3999023437500000
-335.1096191406250000 96.6074829101562500 1502.2598876953125000
-340.4523010253906250 90.4550704956054688 1496.4630126953125000
-345.7949829101562500 84.3026580810546875 1490.6661376953125000
-351.1376647949218750 78.1502532958984375 1484.8692626953125000
-353.2980346679687500 75.6624603271484375 1482.5252685546875000
-361.0162658691406250 75.1861801147460938 1481.3802490234375000
-368.6582946777343750 74.5488128662109375 1480.1041259765625000
-376.3603515625000000 74.1242599487304688 1479.0051269531250000
-385.5706481933593750 77.4686203002929688 1481.0014648437500000
-394.7809448242187500 80.8129806518554688 1482.9979248046875000
-402.1881713867187500 83.5026245117187500 1484.6035156250000000
-402.4571228027343750 91.0964889526367188 1491.1043701171875000
-402.7260437011718750 98.6903457641601562 1497.6052246093750000
-402.9637451171875000 105.4022140502929688 1503.3510742187500000
-404.9803466796875000 98.0699005126953125 1496.8571777343750000
-406.9969177246093750 90.7375946044921875 1490.3632812500000000
-409.0134887695312500 83.4052886962890625 1483.8693847656250000
-409.4159240722656250 81.9420242309570312 1482.5733642578125000
-416.7878417968750000 80.8106918334960938 1480.8984375000000000
-423.2610168457031250 75.3459472656250000 1475.5848388671875000
-429.7342224121093750 69.8812026977539062 1470.2712402343750000
-430.6179504394531250 69.1351547241210938 1469.5457763671875000
-427.1340332031250000 57.6224365234375000 1459.9833984375000000
-434.0659179687500000 48.3580207824707031 1451.3604736328125000
-429.8667907714843750 35.6025085449218750 1440.7980957031250000
-427.0394592285156250 25.8444766998291016 1432.6810302734375000
-428.6342773437500000 14.2141551971435547 1422.5334472656250000
-426.3080749511718750 13.1115980148315430 1421.8076171875000000
-423.9275817871093750 11.8368740081787109 1420.9389648437500000
