-0.4277034246527954 0.0435958599744806
-0.4213219025017150 0.0316023019253920
-0.4087257196280191 0.0169713159932433
-0.4063048482939446 0.0091948523582737
-0.4033260158917716 -0.0063978787725247
-0.3925792273303778 -0.0146289415501269
-0.3856623207212430 -0.0276333230156795
-0.3784582613626973 -0.0345688791329440
-0.3712542224061611 -0.0415044101383663
-0.3652736704872963 -0.0472620264645902
-0.3534133668406909 -0.0609639869395592
-0.3493075381667917 -0.0768021525322067
-0.3456507978909408 -0.0861096080611248
-0.3419941077507186 -0.0954170490014101
-0.3383373929087798 -0.1047244720516446
-0.3373760549204768 -0.1071714032469025
-0.3278458701687974 -0.1132112721348892
-0.3259861367377577 -0.1136602322497733
-0.3096734882359564 -0.1198991761564143
-0.2995254796347659 -0.1284009095517935
-0.2888744814632821 -0.1386428937722911
-0.2850501000598871 -0.1484338855729280
-0.2818973699875419 -0.1579239102145548
-0.2787446160521301 -0.1674139157383240
-0.2755918604394176 -0.1769039237177069
-0.2745874930200698 -0.1799272067984651
-0.2687295022499164 -0.1880317746973005
-0.2628715345041791 -0.1961363629418001
-0.2570135420567253 -0.2042409332962494
-0.2514427716575098 -0.2119481399843642
-0.2439084431963680 -0.2185233447055937
-0.2363740933881106 -0.2250985266255454
-0.2358741804450563 -0.2255347904739443
-0.2288847812205625 -0.2326866725463241
-0.2218954048075735 -0.2398384766825137
-0.2214522844907384 -0.2402919034174114
-0.2166053163544708 -0.2520814284183369
-0.2111698625892621 -0.2658418457178448
-0.2050847212367246 -0.2737772174531097
-0.1989995357255671 -0.2817126443232868
-0.1940852724180255 -0.2881211224643749
-0.1911311284377959 -0.2929047705571340
-0.1774334913295858 -0.3030002492992974
-0.1725832920125392 -0.3138080494542651
-0.1666254149479895 -0.3280705880804939
-0.1594076275918991 -0.3349917857369173
-0.1521898174243038 -0.3419130613295311
-0.1511087843413924 -0.3429496711451618
-0.1443507242437018 -0.3503204691407842
-0.1375926888477284 -0.3576912850264575
-0.1342546579459706 -0.3613319434922815
-0.1289132148455902 -0.3728771123679849
-0.1161539649313447 -0.3826163020900609
-0.1124954944522722 -0.3890696657793560
-0.1070011451907405 -0.4007081486089873
-0.0945141441096562 -0.4090989356614274
-0.0853820406873976 -0.4118390244664704
-0.0753820546342460 -0.4118520008014629
-0.0653820913925991 -0.4118648992002648
-0.0634564391419490 -0.4118673769020723
-0.0553671094129975 -0.4146385058425256
-0.0510974498100231 -0.4055958653786481
-0.0468278130185530 -0.3965531469785804
-0.0447081106624169 -0.3920638820341698
-0.0390731556482461 -0.3886814569458509
-0.0332992107973107 -0.3855978368008780
-0.0233048003843684 -0.3859312408585074
-0.0133103301073460 -0.3862646960172509
-0.0112955337508305 -0.3863319031293786
-0.0013133420685562 -0.3857353868487451
0.0086688372628592 -0.3851388795131365
0.0184547536711020 -0.3845541318067515
0.0230397423049617 -0.3786244717727243
0.0283870100845368 -0.3742499531203107
0.0397956481947774 -0.3668904624240629
0.0481216735918083 -0.3613517320286642
0.0564476866379810 -0.3558130105782912
0.0567997850936278 -0.3555787894443344
0.0624603693520030 -0.3517801701823836
0.0684069888350384 -0.3484768352133273
0.0830569283666908 -0.3464964663354161
0.0871939139133192 -0.3373923365070894
0.0913309128783537 -0.3282882263236725
0.0954678509117606 -0.3191840364492062
0.0966125297827032 -0.3166649624581055
0.1020075498782431 -0.3124582236835365
0.1145582748218489 -0.3067623244573796
0.1196504226140517 -0.3020762359647898
0.1251847006918496 -0.2980680791452716
0.1311288089492668 -0.2946614086743466
0.1370349575496624 -0.2911825679489254
0.1424374282006834 -0.2869703220757517
0.1482590821238032 -0.2833529609248763
0.1547956433071873 -0.2807151587258587
0.1649847986547019 -0.2714391551459845
0.1717915131297633 -0.2573375313362919
0.1758254967160006 -0.2481873038080246
0.1798594460144402 -0.2390370360182934
0.1811162604799472 -0.2361862133578111
0.1865847658271567 -0.2322256948204098
0.1919511624643057 -0.2281404697726730
0.1973673037891755 -0.2241185758608523
0.2031460374467126 -0.2205291809163797
0.2095584029183215 -0.2176723570339074
0.2154586311009968 -0.2141935429423876
0.2211529427828154 -0.2104666931933687
0.2311484814883141 -0.2101678055988733
0.2411440129508358 -0.2098688938869554
0.2477524771332097 -0.2096712724225027
0.2413664843531706 -0.1915811064634461
0.2466609299034625 -0.1830976835883027
0.2519553279405330 -0.1746142006670197
0.2559893458478378 -0.1681503669358417
0.2608553579521646 -0.1636384403086006
0.2659996951264821 -0.1594188862511696
0.2721232628142331 -0.1561691599834618
0.2815215715214049 -0.1595855431495693
0.2909199059978406 -0.1630019370155611
0.3003181929610547 -0.1664182708354135
0.3097165016682265 -0.1698346540015210
0.3162195534657835 -0.1721985714335220
0.3204109924974396 -0.1631193803528225
0.3246024315290951 -0.1540401892721229
0.3287938705607512 -0.1449609981914233
0.3329852620791851 -0.1358817470645841
0.3371766887599824 -0.1268025649289099
0.3374292413826154 -0.1262555118453869
0.3413734697226765 -0.1209296447333855
0.3461798484701519 -0.1163621360336307
0.3531899325985163 -0.1092306026003435
0.3601999568628008 -0.1020990180659419
0.3635264049237521 -0.0987149142902092
0.3686429976470050 -0.0945127196556803
0.3748780508683994 -0.0911885974263463
0.3792619601138546 -0.0864248427039722
0.3839664294552381 -0.0819254493534385
0.3888633018718696 -0.0775845839588068
0.3940921568234882 -0.0734997025956899
0.3989770424419951 -0.0691674343600669
0.4007032233172275 -0.0603791836030805
0.3966755702382969 -0.0512261424060039
0.3926479104501630 -0.0420730913864722
0.3914935460587212 -0.0394497528279059
0.3853751252712067 -0.0329361584689274
0.3805075611207324 -0.0242007688548311
0.3756400216719751 -0.0154653613506840
0.3724571367257488 -0.0097532522487326
0.3596658588370885 0.0011877235675754
0.3507744805831651 0.0094381222018021
0.3461623227136951 0.0242202142194862
0.3412551340422613 0.0329334253616337
0.3363479273783131 0.0416466087912756
0.3338131098050685 0.0461474324846738
0.3235084495540565 0.0550304386006791
0.3184297252369506 0.0636448245061586
0.3133510484330658 0.0722591503654987
0.3107017623958149 0.0767527946159191
0.3032939893434268 0.0836317180052776
0.3005311651055406 0.0876206829564598
0.2954723856423112 0.0962467334893208
0.2904136061790813 0.1048727840221817
0.2903591126463756 0.1049656744000909
0.2852942251449472 0.1135881332120925
0.2802293342889177 0.1222105969353216
0.2783592075444283 0.1253942569166029
0.2715505248104415 0.1316635374902778
0.2665434047321495 0.1403197177190206
0.2615363568687966 0.1489758557916744
0.2601968907758563 0.1512914539861419
0.2554781840893486 0.1601081485968611
0.2507594510238230 0.1689248277731434
0.2502743512220948 0.1698312367061786
0.2448141466052314 0.1751374438759527
0.2364186978128843 0.1819934822336798
0.2313802869451152 0.1906314418892994
0.2263418760773465 0.1992694015449189
0.2256207670945202 0.2005056872782472
0.2205054911224885 0.2090983909857300
0.2153902378571301 0.2176910169104983
0.2147637145209810 0.2187434435304639
0.2070298947245316 0.2249483671538850
0.2010009802559319 0.2329266133824122
0.1949721140359971 0.2409048477848718
0.1893470231649595 0.2483487328301757
0.1897206025647479 0.2582237134710229
0.1878796314612305 0.2680527868970604
0.1860386586804125 0.2778818627787116
0.1856256269457945 0.2800870428763920
0.1730949182136344 0.2878177418917932
0.1642012357884920 0.3037187162586544
0.1560452079302173 0.3190905200592776
0.1461465766939720 0.3348593445585595
0.1351445107389690 0.3506992138098206
0.1255036771773194 0.3657608502202416
0.1157261746754939 0.3713517520999887
0.1059932056137892 0.3834249246109261
0.1041474133454145 0.3864837787621852
0.0934370293256426 0.4009963549299607
0.0886364588967019 0.4136993102786756
0.0880256086843499 0.4164248537851997
0.0835760573878616 0.4252831482955202
0.0766110619994167 0.4257746009284238
0.0723856603667318 0.4256381282021972
0.0692037027578944 0.4252507580607843
0.0663243148073022 0.4244562348030556
0.0640208655847664 0.4227003677928593
0.0589130972302468 0.4150194859572938
0.0570339767457538 0.4129811717672812
0.0559868594721492 0.4119525521919283
0.0523194950110102 0.4090735036187295
0.0487040073335105 0.4061762887302556
0.0473459698398847 0.4051289111862941
0.0449191575293617 0.4033236384326758
0.0411325749760229 0.4004697363872549
0.0376687267058016 0.3975151531886646
0.0342515066231096 0.3945385647380540
0.0320071589740019 0.3928300394779820
0.0304006530321184 0.3916938601600077
0.0256519009163837 0.3891464707280364
0.0227333463404812 0.3877453035671211
0.0179607820791802 0.3834647729149714
0.0156999900576434 0.3819199266582725
0.0138052693352419 0.3807338703506267
0.0115286287872387 0.3792364918137821
0.0094501210089639 0.3780814156869128
0.0052040764592784 0.3753964139177156
0.0035574630149960 0.3737447673316125
0.0018665018917884 0.3701005846451668
0.0010875762392797 0.3681669212882754
0.0022530701812143 0.3633317767568598
0.0044189316376002 0.3602138470347591
0.0086107509370793 0.3562484637408719
0.0121099681656144 0.3525555551539578
0.0162043036880815 0.3462405565750114
0.0182224264023577 0.3431299692534440
0.0205955155352119 0.3398637076276478
0.0252208860170630 0.3286356832603136
0.0277697655099277 0.3252612706639346
0.0307848919190383 0.3216635830107784
0.0332393144234634 0.3183253942479572
0.0361633300264290 0.3147590244219843
0.0414488661395732 0.3050652168483929
0.0443059644385394 0.3014831453923081
0.0466991179070711 0.2981297055782091
0.0492509912108071 0.2946941024536382
0.0520164093856599 0.2911461349561653
0.0573962451442872 0.2831781538582338
0.0589989314298801 0.2801934544382531
0.0614914321992041 0.2767407900161665
0.0631916023823935 0.2737115741405993
0.0656311589118268 0.2702872965009073
0.0689803851881643 0.2663659680973832
0.0718025434192919 0.2627252392022349
0.0771713533079879 0.2543129632754775
0.0784865647627807 0.2514728949251963
0.0806519519339595 0.2481583207543221
0.0830316748858942 0.2447224825007450
0.0863871992580353 0.2407244469482858
0.0903504890074690 0.2363661188804906
0.0970061092137001 0.2247045885730307
0.0988918459063528 0.2215192884419818
0.1014844067642389 0.2179124060601987
0.1011275445369942 0.2079187870484226
0.1007707167399178 0.1979251494142156
0.1004138668635315 0.1879315393474648
0.1000912393639564 0.1788957145788074
0.0913125063234046 0.1723874925851967
0.0865552597126888 0.1693930175851553
0.0817513632497884 0.1664399184969952
0.0774170173681002 0.1631505198766065
0.0731319807990148 0.1598215958215443
0.0680851951081243 0.1570684339031891
0.0586201097871362 0.1511153000728525
0.0424940610711205 0.1453725072309911
0.0381645418528658 0.1420876130485078
0.0347787488497497 0.1379935176429448
0.0364782733512134 0.1294474092887759
0.0391074354057456 0.1257096367027180
0.0449557634332673 0.1191526548929517
0.0492218508273219 0.1139652539962462
0.0524069449323127 0.1097199216107051
0.0572323242824027 0.1040200483303929
0.0609226441223940 0.0993135304721415
0.0646734910424611 0.0945462693749060
0.0689243286242674 0.0893254858581764
0.0733962187084998 0.0777438370191232
0.0758000616096392 0.0741438974504620
0.0798613280013800 0.0690314629708499
0.0843787120465314 0.0634932180811048
0.0905904188779694 0.0563884548823970
0.1027720634000987 0.0423447072668920
0.1061892295617953 0.0377720027648761
0.1100661264784876 0.0327682013420283
0.1139550034926022 0.0277468437591703
0.1178051964550540 0.0227552546069988
0.1215140270251286 0.0178899629042439
0.1257959919091658 0.0124813066995388
0.1301961774651015 0.0069533437627623
0.1345093444526136 0.0014990062504364
0.1387168921594645 -0.0107932968447433
0.1426107824337648 -0.0158979556519548
0.1397012607308563 -0.0254653391614283
0.1367917362071204 -0.0350327320546420
0.1338821669909904 -0.0446000555179759
0.1310920024654452 -0.0537749596579442
0.1263649736385114 -0.0565849789333934
0.1221787728463958 -0.0611263909165250
0.1177331174513272 -0.0654117363472999
0.1125501297957637 -0.0688991325777467
0.1078018372580234 -0.0728708262783109
0.1026677366525048 -0.0764116091939935
0.0978181237019409 -0.0802790768674656
0.0927315612189967 -0.0838741730073193
0.0873684553245632 -0.0871368141978783
0.0823320926466874 -0.0907843169059631
0.0775225605540141 -0.0947115950797562
0.0727372636015761 -0.0992537318709207
0.0652634656789887 -0.1058977014767969
0.0577896675634189 -0.1125416712224391
0.0540077465459045 -0.1159036963195619
0.0486188915006545 -0.1189979127395338
0.0391939648280314 -0.1268522814027664
0.0342466473912202 -0.1306140435629311
0.0295870130767853 -0.1348481506799171
0.0244987511668609 -0.1383536465605508
0.0196554867588027 -0.1422207481705560
0.0143274525978440 -0.1453607071539148
0.0096410918312189 -0.1494736311075399
0.0047515308979103 -0.1532843726373334
-0.0001019015144057 -0.1571588192514171
-0.0055722072848355 -0.1600424786705844
-0.0151947051146402 -0.1573208357177289
-0.0248172504576667 -0.1545991327187335
-0.0344397421120426 -0.1518774852933653
-0.0414886615001432 -0.1498837445613661
-0.0447042297108137 -0.1450287056321953
-0.0481234006231429 -0.1398166423332972
-0.0513580410565804 -0.1349238563955921
-0.0547235961569231 -0.1298000982735834
-0.0578042598923687 -0.1251720363985769
-0.0617335085599110 -0.1190560131180449
-0.0653396096169271 -0.1135014986332351
-0.0689996529641996 -0.1078483708817849
-0.0742180451922902 -0.0993179036918462
-0.0794364469504110 -0.0907874360631924
-0.0814911548103960 -0.0874286128204553
-0.0893900019640054 -0.0742827936818747
-0.0929561399378018 -0.0687573065419855
-0.0965074700394055 -0.0632535208815563
-0.1004954928518944 -0.0569728583463419
-0.1042378278993946 -0.0511206565660306
-0.1077394733823643 -0.0456895937601095
-0.1114470398993751 -0.0398883009797856
-0.1151989527688461 -0.0340024266944647
-0.1187764045074745 -0.0284210936844878
-0.1225219727008112 -0.0225346882708776
-0.1267982575628020 -0.0156944581387583
-0.1281339593347433 -0.0141024582099991
-0.1394316440294197 -0.0050617570137126
-0.1456994631933725 -0.0048763101003203
-0.1507279163916805 -0.0079630974502804
-0.1551412953251414 -0.0112351592290710
-0.1636688186058417 -0.0183950257677070
-0.1680357184685874 -0.0217847431502774
-0.1725380730702784 -0.0248941924905162
-0.1811265628788172 -0.0320225727316182
-0.1853530451295381 -0.0357647137697887
-0.1899842648912888 -0.0385890463942201
-0.1945362157300785 -0.0415830340270811
-0.1980678245243449 -0.0447089262736122
-0.2023746527991276 -0.0482091509607242
-0.2122891891440679 -0.0469045797766966
-0.2222037254890082 -0.0456000085926690
-0.2321182614146234 -0.0442954380225449
-0.2375944090772076 -0.0435748838046980
-0.2394251877285802 -0.0417106196409678
-0.2461115373682643 -0.0345114056785733
-0.2489648866316300 -0.0295511696978350
-0.2518057608113078 -0.0246091987621627
-0.2542512155240092 -0.0208483145395090
-0.2567127145855831 -0.0170338597185131
-0.2586667991301814 -0.0147752275172095
-0.2628220472285672 -0.0095349150516288
-0.2692495485000383 -0.0018402363647377
-0.2717775129759713 0.0022958263109891
-0.2743687794434537 0.0066488677014886
-0.2769168596683765 0.0108765578710145
-0.2791678314373184 0.0141409709645255
-0.2814528485319204 0.0175173634065449
-0.2835884480731445 0.0203953238333409
-0.2854017225200093 0.0221798997083398
-0.2909883838135489 0.0284934327292028
-0.2936863386768123 0.0334045491246878
-0.2961354999322499 0.0374708217216864
-0.2985312982236471 0.0413628385047577
-0.3025602401105196 0.0464282367838543
-0.3045694137616038 0.0489211348940017
-0.3115686553247250 0.0570004402738744
-0.3140170833933691 0.0612451736047037
-0.3164421978309437 0.0654227556108216
-0.3187366387363146 0.0691119364530115
-0.3209333818606210 0.0724270677479174
-0.3229463131279107 0.0750109739448613
-0.3253226008147453 0.0790510438061043
-0.3273644661201851 0.0817433310737395
-0.3292506469580083 0.0837785788078503
-0.3337443353777964 0.0891554186184323
-0.3376024034204808 0.0937505393585979
-0.3394571777334773 0.0956845864257981
-0.3413118373540855 0.0975844812977604
-0.3453887976736404 0.1022835515050971
-0.3514251111279176 0.1032174338690937
-0.3540676795042831 0.1015567565362365
-0.3552443949872269 0.1004513200326176
-0.3603613780954096 0.0963688486224927
-0.3617532288930793 0.0954173778386617
-0.3627846714196529 0.0943483230920423
-0.3704410290026871 0.0888615865033033
-0.3742647464238872 0.0860923006048092
-0.3819525722822654 0.0808746569459301
-0.3851534104288270 0.0789284748801766
-0.3874559550335925 0.0776712687614236
-0.3951554672846738 0.0720949194071812
-0.3990430488391563 0.0697421177977300
-0.4128732375013863 0.0649009094654123
-0.4184552347141558 0.0613627154873134
-0.4223426730244421 0.0589448010989680
-0.4241803502195590 0.0551915761085646
-0.4260108562434933 0.0517726063428983
-0.4277034246527954 0.0435958599744806
