-0.3694105124368020 0.1020242642205396
-0.3769959379606055 0.0962480468692962
-0.3808118180514966 0.0936014221867277
-0.3884549332739006 0.0885872493111973
-0.3922539208122317 0.0858381513643211
-0.3998417283179399 0.0801750674610344
-0.4074576329902465 0.0754108789036534
-0.4150710484637454 0.0724302725045768
-0.4188527308521020 0.0718780477064277
-0.4263638984306729 0.0655244146103618
-0.4301375790755911 0.0618169751782572
-0.4295311257156009 0.0517649680222571
-0.4213491409889647 0.0440415822839359
-0.4152990936324344 0.0360793584987855
-0.4092490217302527 0.0281171528470343
-0.4084599009504682 0.0270786210776219
-0.4061296764119282 0.0214234415584747
-0.3951519958439236 0.0089804501222025
-0.3927544838067930 0.0038510682248652
-0.3814745573534015 -0.0087286885102143
-0.3789435084232650 -0.0146321847841296
-0.3763208609836268 -0.0214539449116470
-0.3647451355556319 -0.0330958245237691
-0.3528220579494384 -0.0462128374106717
-0.3498998333910771 -0.0539360886794099
-0.3376328426132542 -0.0672139628406266
-0.3276983433870701 -0.0765868999235755
-0.3248841977142990 -0.0822321198163274
-0.3219186149005825 -0.0887718290184787
-0.3186126105377800 -0.0973634044381431
-0.3111854752485820 -0.1013302742129764
-0.3037163173159457 -0.1050974345355388
-0.2929324502554322 -0.1159476601235661
-0.2901362102424779 -0.1206162318517042
-0.2866216369630155 -0.1289217336065827
-0.2832889341673023 -0.1361764029548170
-0.2798030138113529 -0.1440906395060922
-0.2764682636547816 -0.1511464428806670
-0.2697389695607320 -0.1585434557788991
-0.2630096309563211 -0.1659405295400455
-0.2622601004901379 -0.1667644589582911
-0.2574492886308188 -0.1800636600187515
-0.2541543564928362 -0.1863761150847006
-0.2486361525663595 -0.1941455813258092
-0.2443691344248505 -0.2045363410696769
-0.2397500264582202 -0.2162913416943292
-0.2326812951515079 -0.2233647955715300
-0.2256126083551568 -0.2304381885858165
-0.2249827669079664 -0.2310684680882190
-0.2204764252268833 -0.2416952013597318
-0.2136442034217976 -0.2489972883327541
-0.2068120025828178 -0.2562993982544118
-0.2049040547758359 -0.2583385398441146
-0.2015345802695174 -0.2677537056501703
-0.1981650786393983 -0.2771689600830122
-0.1977686106295358 -0.2782767432070429
-0.1946160708082992 -0.2831369643470828
-0.1804789768766508 -0.2928867929095175
-0.1759848435313817 -0.3023906140686063
-0.1694316859107807 -0.3099441091846924
-0.1628785083254699 -0.3174976832970920
-0.1586958573219104 -0.3223187833679645
-0.1533911221912516 -0.3341283371565198
-0.1462278499515142 -0.3411059896070509
-0.1390645905173966 -0.3480835726917412
-0.1368722590941008 -0.3502190712301141
-0.1231469224715380 -0.3623672786332061
-0.1180010414051085 -0.3729408291926765
-0.1141470961521965 -0.3794889305624742
-0.1084371186106528 -0.3916570990865409
-0.0958221837937466 -0.3993879566309301
-0.0864619294790877 -0.4023264385468150
-0.0764921635881116 -0.4015492708766365
-0.0665224079246058 -0.4007721406008025
-0.0651313594386143 -0.4006636715919430
-0.0572790986255547 -0.4032740585114398
-0.0528603510850193 -0.3943032537603441
-0.0484415835797745 -0.3853325280055624
-0.0464837673123995 -0.3813578720438376
-0.0408005352223994 -0.3781552731609483
-0.0308678193293572 -0.3769970959285809
-0.0209351034363145 -0.3758389186962136
-0.0137452396893187 -0.3750005176384216
-0.0088929294684075 -0.3696230222287096
-0.0024450260389186 -0.3519113579558050
0.0072416498270418 -0.3416675510774007
0.0127205647069389 -0.3379187224541562
0.0182738927744935 -0.3343141218254718
0.0235046166483283 -0.3300514799930562
0.0285111912142726 -0.3253568220326528
0.0338066531984250 -0.3212454960987999
0.0392509942503684 -0.3174226212949923
0.0445827993947261 -0.3133840642646039
0.0506072555791670 -0.3106266601582654
0.0604248573157217 -0.3087254433609793
0.0702425035626375 -0.3068242874266076
0.0781976896233700 -0.3052837297521814
0.0792112774830420 -0.2948469017311632
0.0863081863554327 -0.2805887274282151
0.0915307362032310 -0.2763342808683256
0.0969186156103014 -0.2723538820807052
0.1022638585172686 -0.2683059731331019
0.1079961001850193 -0.2648637596268721
0.1134305699874148 -0.2609479798496053
0.1185581635758982 -0.2565655770794575
0.1236804332936261 -0.2521869837995830
0.1287077498202451 -0.2476804320427750
0.1342715732677119 -0.2439664227115834
0.1433514383451941 -0.2397764558507363
0.1524313614841665 -0.2355865696804177
0.1528482448933395 -0.2353941589785341
0.1658469194688284 -0.2303484141577472
0.1772820070816982 -0.2230894357690920
0.1826170096145422 -0.2189499259761294
0.1878518527426063 -0.2146864274442256
0.1935302104176229 -0.2109867405844773
0.1992130113881531 -0.2072838947701531
0.2058101541355437 -0.2046887376614449
0.2116625569072329 -0.2011577069180260
0.2170077239177087 -0.1970108414161139
0.2270077163162973 -0.1970137161036877
0.2370077087148857 -0.1970165907912614
0.2439513246709678 -0.1970185966695032
0.2405000686383482 -0.1876329924961403
0.2370488207874969 -0.1782474121170725
0.2370478212842219 -0.1782446598521414
0.2420689092336009 -0.1695966166706168
0.2470899465362057 -0.1609485171595275
0.2511730640297908 -0.1539160588367890
0.2562945385235649 -0.1496398018964181
0.2618005661462509 -0.1457691903162780
0.2677563740702275 -0.1423546529895097
0.2771316204633877 -0.1458338806222240
0.2865068545837222 -0.1493131173216379
0.2958820887040568 -0.1527923540210519
0.3052573228243912 -0.1562715907204658
0.3115178667756358 -0.1585949139199752
0.3213968845475731 -0.1586277251198039
0.3237174799729086 -0.1489006899886118
0.3260380753982441 -0.1391736548574193
0.3283587419249472 -0.1294466907833870
0.3306793373502827 -0.1197196556521948
0.3325071098621253 -0.1120584704634156
0.3365255516991060 -0.1067249810388088
0.3404616713834815 -0.1013537599824146
0.3478430922079364 -0.0946073003109456
0.3552245273505721 -0.0878608599004221
0.3591442678957458 -0.0842783529250129
0.3642385916238328 -0.0800195156844477
0.3702908628156146 -0.0765390767477640
0.3742849030876479 -0.0714088617393363
0.3789100037056860 -0.0668032348180643
0.3846375257870304 -0.0630672826015649
0.3893149175279184 -0.0585220632086776
0.3933191991969264 -0.0534834184512893
0.3951652086678228 -0.0449781729511591
0.3905274073246577 -0.0361186324001764
0.3858896433327629 -0.0272591430816352
0.3835792445277700 -0.0228456064369938
0.3790160085580944 -0.0176095939179092
0.3741398144773127 -0.0088790171562308
0.3692636449421821 -0.0001484222611532
0.3664260435461529 0.0049321606510020
0.3617976950229960 0.0137965727349153
0.3571693019894775 0.0226610456817430
0.3553585307198960 0.0261291036640061
0.3402825901635453 0.0384819836859507
0.3352014131434468 0.0470948167106117
0.3301201670673355 0.0557076924647878
0.3273051267102937 0.0604793167881579
0.3224978506964277 0.0692480340565663
0.3176906120338318 0.0780167000925329
0.3160297533241612 0.0810461967220279
0.3036723670187828 0.0911016436105354
0.2994330789636692 0.1001585532040793
0.2951937745233915 0.1092155369787007
0.2950390511972144 0.1095460783755711
0.2953007635395105 0.1202557902968651
0.2797932591093640 0.1318616546876771
0.2728108959383122 0.1488457843616594
0.2611308986127455 0.1578713672234780
0.2562310334992979 0.1665886346701089
0.2513310975400652 0.1753059472538731
0.2506157653772568 0.1765785887244619
0.2453765566198178 0.1850962029216226
0.2401372805961390 0.1936138574406804
0.2368320930515373 0.1989872186386010
0.2262763328653399 0.2069321946597125
0.2168070346616333 0.2243535942563539
0.2114197241929384 0.2327783157182303
0.2060323941510456 0.2412031156497537
0.2050824839935929 0.2426886147566545
0.2011003959269305 0.2546750874178565
0.1933567483579757 0.2610024868241108
0.1856131012364641 0.2673298856284607
0.1809178719494062 0.2711663911387860
0.1731507763464846 0.2845742125104103
0.1650525047995277 0.3001511707279141
0.1543907004344285 0.3166202273049677
0.1467092208477199 0.3315783629349693
0.1366662829775448 0.3472551142066833
0.1251796726903683 0.3631656019296683
0.1151829383166637 0.3782118264244982
0.1062201445968412 0.3836121066544090
0.0962432051263624 0.3958190893083729
0.0948151939354644 0.3986296474112609
0.0839070117223828 0.4131336101853558
0.0791801796774519 0.4256094489226226
0.0785149537064549 0.4282160720560031
0.0741416943304277 0.4367277445751275
0.0657175071810878 0.4374818197721549
0.0622010045668542 0.4369871691104690
0.0592708000291494 0.4366995850679090
0.0558208490915985 0.4361995923304376
0.0537340743797113 0.4329040779562950
0.0485143663315243 0.4265267167255133
0.0456621987435293 0.4233782682853504
0.0419523616321027 0.4204731340238580
0.0382920159892131 0.4175497474041178
0.0346281380630010 0.4146237981397461
0.0311657526477334 0.4116274618223826
0.0272390756120906 0.4087813893298032
0.0239177027244272 0.4057247833843332
0.0220297065183484 0.4041510995833782
0.0156622378251408 0.4001740263731468
0.0131471180236187 0.3989171937178306
0.0099050810554981 0.3958579965884243
0.0059194157636960 0.3930795736219595
0.0038418873862794 0.3916608543154770
-0.0005573672592226 0.3890137283661264
-0.0048523918447902 0.3863340379830811
-0.0060693003254292 0.3847761738044606
-0.0071244161967991 0.3827920175792828
-0.0079236425901454 0.3810818311073165
-0.0087561411149688 0.3794164257199445
-0.0077450085481196 0.3744082004234329
-0.0055356378940948 0.3713941933609212
-0.0015712054535637 0.3675709210155863
0.0056490303625555 0.3574357468795221
0.0080574570586866 0.3542779709976049
0.0153388711074517 0.3398262660788517
0.0182049228788434 0.3364120255956736
0.0212700787535303 0.3328903648152688
0.0237108545410651 0.3296872346064720
0.0263970330446250 0.3263545109124750
0.0319762560813458 0.3163085495430297
0.0350454955753164 0.3127285123038765
0.0374330566381946 0.3095167284692986
0.0402657445758596 0.3060589259991542
0.0433019086023533 0.3024841904880282
0.0493192941279614 0.2918114336331144
0.0521009388659645 0.2883375184429969
0.0541354760155782 0.2852943834810186
0.0566689490025893 0.2819629004109195
0.0602650639753159 0.2780058246329560
0.0629583754415238 0.2745741570716937
0.0694167954540577 0.2632206160355818
0.0716952384168005 0.2600061554944979
0.0743807790307383 0.2565430200952323
0.0780448529458689 0.2524734870915193
0.0821339114681852 0.2481311958599955
0.0880714098227445 0.2366954414128085
0.0904504337144961 0.2333857919090239
0.0933996916753132 0.2297100307102168
0.0931462211102967 0.2197132553669981
0.0928927505452803 0.2097164800237794
0.0926393013405583 0.1997196754529126
0.0924127580181463 0.1907845172104611
0.0881487660174450 0.1874108631126072
0.0830791526771633 0.1846346074423175
0.0789661766127283 0.1811488800784150
0.0655785776719395 0.1714822460522905
0.0564201274981074 0.1652380740400524
0.0529996517160560 0.1624473268790187
0.0351158266002634 0.1566360541634258
0.0306264311794103 0.1534674609637107
0.0272555094559568 0.1492750340989742
0.0312463986061206 0.1370996758911588
0.0377198934877078 0.1294777344183647
0.0441933878099910 0.1218557936979515
0.0446731460582320 0.1212909229688159
0.0497674789340609 0.1154191221924683
0.0535622042454390 0.1107686669470232
0.0571396608368065 0.1063196311083386
0.0614215077029392 0.1011955801795510
0.0649767055825725 0.0967583134911381
0.0706472055516262 0.0902931541434410
0.0748449545028544 0.0852277283254192
0.0796740199760471 0.0795492604596271
0.0863764809764055 0.0721278489763377
0.0930789499029498 0.0647064396187802
0.0941825217418171 0.0634844995462664
0.0962702128736360 0.0604217364797836
0.1006219667704809 0.0551673123983179
0.1055736161726488 0.0493239399179540
0.1098362307860044 0.0402779807613358
0.1140988960461338 0.0312319652751528
0.1145894528143034 0.0301908974553607
0.1191704791825818 0.0246496486169364
0.1238682080835455 0.0189859324770082
0.1286842460361490 0.0131975603361263
0.1334710970657693 0.0074312080336049
0.1380282310452718 0.0018875944014560
0.1404053765647230 -0.0078257384392499
0.1427825256637200 -0.0175390760951924
0.1446212579589980 -0.0250522449110628
0.1438600343154150 -0.0350232155650219
0.1430988178309219 -0.0449941958494535
0.1423376013464294 -0.0549651761338854
0.1415763777028461 -0.0649361467878444
0.1411305694797779 -0.0707755906022044
0.1369070741482841 -0.0754439448982924
0.1320922676012057 -0.0794562753293321
0.1278442240831291 -0.0841427989657132
0.1227324390199537 -0.0878280873192004
0.1175748389696551 -0.0914562008026725
0.1120950519801498 -0.0946848548393560
0.1071273852700386 -0.0985369252443771
0.1021125412677867 -0.1023327334533392
0.0970069043788475 -0.1060134946874818
0.0913233960015856 -0.1089373673303754
0.0813243006056937 -0.1090732408139997
0.0713252050180382 -0.1092091144392911
0.0613261467816537 -0.1093450392970243
0.0604778817837594 -0.1093565507322395
0.0490621761705749 -0.1041903712495681
0.0438062109070027 -0.1074470135314233
0.0343993120667785 -0.1155595363214948
0.0293887635776606 -0.1191716780471800
0.0244972233573266 -0.1229643573348084
0.0195649609641252 -0.1266975676968727
0.0149012656446370 -0.1308586681868641
0.0098119610912268 -0.1343500096448896
0.0048757841994293 -0.1380861907166702
0.0000502194083592 -0.1420089736184218
-0.0048890256898559 -0.1457474213651048
-0.0100832758995325 -0.1490478960120737
-0.0197369754823398 -0.1464389899055345
-0.0293906740424697 -0.1438300979628176
-0.0390443255353709 -0.1412212575344292
-0.0463439027069918 -0.1392485299500033
-0.0496413502517284 -0.1345855223150668
-0.0533943224673461 -0.1290649939269993
-0.0570351663718232 -0.1237477456940541
-0.0602412814589426 -0.1192425464820064
-0.0633773146467341 -0.1148665961693822
-0.0757573363224057 -0.1040302116920331
-0.0799285424730865 -0.0976096674798116
-0.0842962314876559 -0.0907960338170189
-0.0873169402115338 -0.0771736226156437
-0.0948088219308596 -0.0644033372400754
-0.0985679412643316 -0.0587521624739956
-0.1024303756364841 -0.0528920868390334
-0.1064530395001373 -0.0467115806873396
-0.1102156861147201 -0.0410206947566934
-0.1136068475506135 -0.0360393270087726
-0.1175399024973804 -0.0299968350215599
-0.1212486083457420 -0.0243785270369489
-0.1252540916347597 -0.0181686851325512
-0.1290367541022404 -0.0123809585457240
-0.1330240750833491 -0.0061780593232423
-0.1454996163087721 0.0048169096167812
-0.1516142943833446 0.0050628231006888
-0.1570835344060859 0.0021490363401834
-0.1613897186912463 -0.0013325112465231
-0.1652160290272411 -0.0058858885378020
-0.1694875656575304 -0.0094919655092387
-0.1739608750430549 -0.0126465612361874
-0.1783600584613937 -0.0159716006788367
-0.1826416915361535 -0.0195851066830579
-0.1871610652446656 -0.0226235755244592
-0.1957866005449785 -0.0297465261567823
-0.2003472313469651 -0.0326652828948962
-0.2034748195555599 -0.0358959888872442
-0.2078966404533938 -0.0390870503882767
-0.2178818677015811 -0.0385438168583921
-0.2278670949497677 -0.0380005833285075
-0.2378523221979548 -0.0374573497986231
-0.2414484149861480 -0.0372616947470779
-0.2516892782701152 -0.0255847732083407
-0.2546003891630640 -0.0207884445473703
-0.2574654260474533 -0.0161274387267768
-0.2601196205269897 -0.0121902115738403
-0.2626868357477459 -0.0085533807519390
-0.2723304444922478 0.0024994939907185
-0.2750448045445626 0.0068275518710141
-0.2777348057843297 0.0110852221301079
-0.2804011739666763 0.0152735381357862
-0.2830300441052588 0.0193361881399280
-0.2854213050688060 0.0224777644141496
-0.2879126075353908 0.0260170512116445
-0.2970487236481336 0.0370186786336086
-0.2997490738378706 0.0416138709705874
-0.3023848567774135 0.0459681759222786
-0.3048576666302520 0.0496411831528070
-0.3069405733977522 0.0515960006805978
-0.3152409492684543 0.0606701306957000
-0.3178831453775621 0.0653282028256882
-0.3203650881409066 0.0692582490917030
-0.3229161494828996 0.0735571939896119
-0.3252845744888806 0.0769797654894926
-0.3276290115529343 0.0802911834183817
-0.3353110126021896 0.0883317185618478
-0.3377841064585924 0.0925459004820321
-0.3402736846456640 0.0969032703838719
-0.3445766360176997 0.1017639480768501
-0.3519999468489439 0.1103246289751376
-0.3581194316121650 0.1112278247875745
-0.3618925743184707 0.1082679910499368
-0.3656424440847282 0.1050953808867498
-0.3694105124368020 0.1020242642205396
